timestamp_ms,temp_celsius,clock_hz
1776321343710,37.000,
1776321343810,37.000,
1776321343910,37.000,
1776321344010,37.000,
1776321344110,36.076,
1776321344210,37.000,
1776321344310,37.000,
1776321344410,37.000,
1776321344510,36.076,
1776321344610,37.000,
1776321344710,37.000,
1776321344810,37.000,
1776321344910,36.076,
1776321345010,37.000,
1776321345110,37.000,
1776321345210,36.076,
1776321345310,37.000,
1776321345410,37.000,
1776321345510,37.000,
1776321345610,37.000,
1776321345710,37.000,
1776321345810,37.000,
1776321345910,36.076,
1776321346010,36.076,
1776321346110,37.000,
1776321346210,36.076,
1776321346310,37.000,
1776321346410,37.000,
1776321346510,36.076,
1776321346610,37.000,
1776321346710,36.076,
1776321346810,37.000,
1776321346910,36.076,
1776321347010,36.076,
1776321347110,36.076,
1776321347210,36.076,
1776321347310,37.000,
1776321347410,36.076,
1776321347510,37.000,
1776321347610,36.076,
1776321347710,37.000,
1776321347810,36.076,
1776321347910,36.076,
1776321348010,37.000,
1776321348110,37.000,
1776321348210,36.076,
1776321348310,36.076,
1776321348410,36.076,
1776321348510,36.076,
1776321348610,37.000,
1776321348710,36.076,
1776321348810,36.076,
1776321348910,37.000,
1776321349010,37.000,
1776321349110,36.076,
1776321349210,37.000,
1776321349310,37.000,
1776321349410,37.000,
1776321349510,36.076,
1776321349610,37.000,
1776321349710,37.000,
1776321349810,37.000,
1776321349910,37.000,
1776321350010,37.000,
1776321350110,37.000,
1776321350210,37.000,
1776321350310,37.000,
1776321350410,37.000,
1776321350510,37.000,
1776321350610,37.000,
1776321350710,37.000,
1776321350810,37.000,
1776321350910,37.000,
1776321351010,37.000,
1776321351110,37.000,
1776321351210,37.000,
1776321351310,37.000,
1776321351410,37.000,
1776321351510,37.000,
1776321351610,37.000,
1776321351710,37.000,
1776321351810,37.000,
1776321351910,37.000,
1776321352010,37.000,
1776321352110,37.000,
1776321352210,37.000,
1776321352310,37.000,
1776321352410,37.000,
1776321352510,37.000,
1776321352610,37.000,
1776321352710,37.000,
1776321352810,37.000,
1776321352910,37.000,
1776321353010,37.000,
1776321353110,37.000,
1776321353210,37.000,
1776321353310,37.000,
1776321353410,37.000,
1776321353510,37.000,
1776321353610,37.000,
1776321353710,37.000,
1776321353810,37.000,
1776321353910,37.000,
1776321354010,37.000,
1776321354110,37.000,
1776321354210,37.000,
1776321354310,37.000,
1776321354410,37.000,
1776321354510,37.000,
1776321354610,37.000,
1776321354710,37.000,
1776321354810,37.000,
1776321354910,37.000,
1776321355010,37.000,
1776321355110,37.000,
1776321355210,37.000,
1776321355310,37.000,
1776321355410,37.000,
1776321355510,37.000,
1776321355610,37.000,
1776321355710,37.000,
1776321355810,37.000,
1776321355910,37.000,
1776321356010,37.000,
1776321356110,37.000,
1776321356210,37.000,
1776321356310,37.000,
1776321356410,37.000,
1776321356510,37.000,
1776321356610,37.000,
1776321356710,37.000,
1776321356810,37.000,
1776321356910,37.000,
1776321357010,37.000,
1776321357110,37.000,
1776321357210,37.000,
1776321357310,37.000,
1776321357410,37.000,
1776321357510,37.000,
1776321357610,37.000,
1776321357710,37.000,
1776321357810,37.000,
1776321357910,37.000,
1776321358010,37.000,
1776321358110,37.000,
1776321358210,37.000,
1776321358310,37.000,
1776321358410,37.000,
1776321358510,37.000,
1776321358610,37.000,
1776321358710,37.000,
1776321358810,37.000,
1776321358910,37.000,
1776321359010,37.000,
1776321359110,37.000,
1776321359210,37.000,
1776321359310,37.000,
1776321359410,37.000,
1776321359510,37.000,
1776321359610,37.000,
1776321359710,37.000,
1776321359810,37.000,
1776321359910,37.000,
1776321360010,37.000,
1776321360110,37.923,
1776321360210,37.923,
1776321360310,37.923,
1776321360410,37.000,
1776321360510,37.000,
1776321360610,37.000,
1776321360710,37.000,
1776321360810,37.000,
1776321360910,37.000,
1776321361010,37.000,
1776321361110,37.000,
1776321361210,37.000,
1776321361310,37.000,
1776321361410,37.000,
1776321361510,37.000,
1776321361610,37.923,
1776321361710,37.000,
1776321361810,37.000,
1776321361910,37.000,
1776321362010,37.000,
1776321362110,37.923,
1776321362210,37.000,
1776321362310,37.000,
1776321362410,37.000,
1776321362510,37.000,
1776321362610,37.000,
1776321362710,37.000,
1776321362810,37.000,
1776321362910,37.000,
1776321363010,37.000,
1776321363110,37.000,
1776321363210,37.000,
1776321363310,37.000,
1776321363410,37.923,
1776321363510,37.000,
1776321363610,37.000,
1776321363710,37.923,
1776321363810,37.000,
1776321363910,37.000,
1776321364010,37.000,
1776321364110,37.000,
1776321364210,37.000,
1776321364310,37.000,
1776321364410,37.000,
1776321364510,37.923,
1776321364610,37.000,
1776321364710,37.923,
1776321364810,37.000,
1776321364910,37.923,
1776321365010,37.923,
1776321365110,37.000,
1776321365210,37.000,
1776321365310,37.923,
1776321365410,37.923,
1776321365510,37.923,
1776321365610,37.923,
1776321365710,37.000,
1776321365810,37.000,
1776321365910,37.923,
1776321366010,37.923,
1776321366110,37.923,
1776321366210,37.000,
1776321366310,37.923,
1776321366410,37.923,
1776321366510,37.923,
1776321366610,37.923,
1776321366710,37.000,
1776321366810,37.923,
1776321366910,37.923,
1776321367010,37.923,
1776321367110,37.923,
1776321367210,37.923,
1776321367310,37.923,
1776321367410,37.000,
1776321367510,37.000,
1776321367610,37.923,
1776321367710,37.923,
1776321367810,37.923,
1776321367910,37.000,
1776321368010,37.000,
1776321368110,37.000,
1776321368210,37.923,
1776321368310,37.923,
1776321368410,37.923,
1776321368510,37.000,
1776321368610,37.923,
1776321368710,37.923,
1776321368810,37.000,
1776321368910,37.923,
1776321369010,37.923,
1776321369110,37.923,
1776321369210,37.923,
1776321369310,37.000,
1776321369410,37.923,
1776321369510,37.923,
1776321369610,37.923,
1776321369710,37.923,
1776321369810,37.923,
1776321369910,37.923,
1776321370010,37.923,
1776321370110,37.923,
1776321370210,37.923,
1776321370310,37.923,
1776321370410,37.000,
1776321370510,37.923,
1776321370610,37.000,
1776321370710,37.923,
1776321370810,37.000,
1776321370910,37.923,
1776321371010,37.000,
1776321371110,37.923,
1776321371210,37.000,
1776321371310,37.923,
1776321371410,37.923,
1776321371510,37.923,
1776321371610,37.923,
1776321371710,37.923,
1776321371810,37.923,
1776321371910,37.923,
1776321372010,37.923,
1776321372110,37.923,
1776321372210,37.923,
1776321372310,37.923,
1776321372410,37.923,
1776321372510,37.923,
1776321372610,37.923,
1776321372710,37.923,
1776321372810,37.923,
1776321372910,37.923,
1776321373010,37.923,
1776321373110,37.923,
1776321373210,37.923,
1776321373310,37.923,
1776321373410,37.923,
1776321373510,37.923,
1776321373610,37.923,
1776321373710,37.000,
1776321373810,37.923,
1776321373910,37.923,
1776321374010,37.923,
1776321374110,37.923,
1776321374210,37.923,
1776321374310,37.923,
1776321374410,37.923,
1776321374510,37.923,
1776321374610,37.923,
1776321374710,37.923,
1776321374810,37.923,
1776321374910,37.923,
1776321375010,37.923,
1776321375110,37.923,
1776321375210,37.923,
1776321375310,37.923,
1776321375410,37.923,
1776321375510,37.923,
1776321375610,37.923,
1776321375710,37.923,
1776321375810,37.923,
1776321375910,37.923,
1776321376010,37.923,
1776321376110,37.923,
1776321376210,37.923,
1776321376310,37.923,
1776321376410,37.923,
1776321376510,37.923,
1776321376610,37.923,
1776321376710,37.923,
1776321376810,37.923,
1776321376910,37.923,
1776321377010,37.923,
1776321377110,37.923,
1776321377210,37.923,
1776321377310,37.923,
1776321377410,37.923,
1776321377510,37.923,
1776321377610,37.923,
1776321377710,37.923,
1776321377810,37.923,
1776321377910,37.923,
1776321378010,37.923,
1776321378110,37.923,
1776321378210,37.923,
1776321378310,37.923,
1776321378410,37.923,
1776321378510,37.923,
1776321378610,37.923,
1776321378710,37.923,
1776321378810,37.923,
1776321378910,37.923,
1776321379010,37.923,
1776321379110,37.923,
1776321379210,37.923,
1776321379310,37.923,
1776321379410,37.923,
1776321379510,37.923,
1776321379610,37.923,
1776321379710,37.923,
1776321379810,37.923,
1776321379910,37.923,
1776321380010,37.923,
1776321380110,37.923,
1776321380210,37.923,
1776321380310,37.923,
1776321380410,37.923,
1776321380510,37.923,
1776321380610,37.923,
1776321380710,37.923,
1776321380810,37.923,
1776321380910,37.923,
1776321381010,37.923,
1776321381110,37.923,
1776321381210,37.923,
1776321381310,37.923,
1776321381410,37.923,
1776321381510,37.923,
1776321381610,37.923,
1776321381710,37.923,
1776321381810,37.923,
1776321381910,37.923,
1776321382010,37.923,
1776321382110,37.923,
1776321382210,37.923,
1776321382310,37.923,
1776321382410,37.923,
1776321382510,37.923,
1776321382610,37.923,
1776321382710,37.923,
1776321382810,37.923,
1776321382910,37.923,
1776321383010,37.923,
1776321383110,37.923,
1776321383210,37.923,
1776321383310,37.923,
1776321383410,37.923,
1776321383510,37.923,
1776321383610,37.923,
1776321383710,37.923,
1776321383810,37.923,
1776321383910,37.923,
1776321384010,37.923,
1776321384110,37.923,
1776321384210,37.923,
1776321384310,37.923,
1776321384410,37.923,
1776321384510,37.923,
1776321384610,37.923,
1776321384710,37.923,
1776321384810,37.923,
1776321384910,37.923,
1776321385010,37.923,
1776321385110,37.923,
1776321385210,37.923,
1776321385310,37.923,
1776321385410,37.923,
1776321385510,37.923,
1776321385610,37.923,
1776321385710,37.923,
1776321385810,37.923,
1776321385910,37.923,
1776321386010,37.923,
1776321386110,37.923,
1776321386210,37.923,
1776321386310,37.923,
1776321386410,37.923,
1776321386510,37.923,
1776321386610,37.923,
1776321386710,37.923,
1776321386810,37.923,
1776321386910,37.923,
1776321387010,37.923,
1776321387110,37.923,
1776321387210,37.923,
1776321387310,37.923,
1776321387410,37.923,
1776321387510,37.923,
1776321387610,37.923,
1776321387710,37.923,
1776321387810,37.923,
1776321387910,37.923,
1776321388010,37.923,
1776321388110,37.923,
1776321388210,37.923,
1776321388310,37.923,
1776321388410,37.923,
1776321388510,37.923,
1776321388610,37.923,
1776321388710,37.923,
1776321388810,37.923,
1776321388910,37.923,
1776321389010,37.923,
1776321389110,37.923,
1776321389210,37.923,
1776321389310,37.923,
1776321389410,37.923,
1776321389510,37.923,
1776321389610,37.923,
1776321389710,37.923,
1776321389810,37.923,
1776321389910,37.923,
1776321390010,37.923,
1776321390110,37.923,
1776321390210,37.923,
1776321390310,37.923,
1776321390410,37.923,
1776321390510,37.923,
1776321390610,37.923,
1776321390710,37.923,
1776321390810,37.923,
1776321390910,37.923,
1776321391010,37.923,
1776321391110,37.923,
1776321391210,37.923,
1776321391310,37.923,
1776321391410,37.923,
1776321391510,37.923,
1776321391610,37.923,
1776321391710,37.923,
1776321391810,37.923,
1776321391910,37.923,
1776321392010,37.923,
1776321392110,37.923,
1776321392210,37.923,
1776321392310,37.923,
1776321392410,37.923,
1776321392510,37.923,
1776321392610,37.923,
1776321392710,37.923,
1776321392810,37.923,
1776321392910,37.923,
1776321393010,37.923,
1776321393110,37.923,
1776321393210,37.923,
1776321393310,37.923,
1776321393410,37.923,
1776321393510,37.923,
1776321393610,37.923,
1776321393710,37.923,
1776321393810,37.923,
1776321393910,37.923,
1776321394010,37.923,
1776321394110,37.923,
1776321394210,37.923,
1776321394310,37.923,
1776321394410,37.923,
1776321394510,37.923,
1776321394610,37.923,
1776321394710,37.923,
1776321394810,37.923,
1776321394910,37.923,
1776321395010,37.923,
1776321395110,37.923,
1776321395210,37.923,
1776321395310,37.923,
1776321395410,37.923,
1776321395510,37.923,
1776321395610,37.923,
1776321395710,37.923,
1776321395810,37.923,
1776321395910,37.923,
1776321396010,37.923,
1776321396110,37.923,
1776321396210,37.923,
1776321396310,37.923,
1776321396410,37.923,
1776321396510,37.923,
1776321396610,37.923,
1776321396710,37.923,
1776321396810,37.923,
1776321396910,37.923,
1776321397010,37.923,
1776321397110,37.923,
1776321397210,37.923,
1776321397310,37.923,
1776321397410,37.923,
1776321397510,37.923,
1776321397610,37.923,
1776321397710,37.923,
1776321397810,37.923,
1776321397910,37.923,
1776321398010,37.923,
1776321398110,37.923,
1776321398210,37.923,
1776321398310,37.923,
1776321398410,37.923,
1776321398510,37.923,
1776321398610,37.923,
1776321398710,37.923,
1776321398810,37.923,
1776321398910,37.923,
1776321399010,37.923,
1776321399110,37.923,
1776321399210,37.923,
1776321399310,37.923,
1776321399410,37.923,
1776321399510,37.923,
1776321399610,37.923,
1776321399710,37.923,
1776321399810,37.923,
1776321399910,37.923,
1776321400010,37.923,
1776321400110,37.923,
1776321400210,37.923,
1776321400310,38.846,
1776321400410,37.923,
1776321400510,37.923,
1776321400610,37.923,
1776321400710,37.923,
1776321400810,37.923,
1776321400910,37.923,
1776321401010,37.923,
1776321401110,37.923,
1776321401210,37.923,
1776321401310,37.923,
1776321401410,37.923,
1776321401510,37.923,
1776321401610,37.923,
1776321401710,38.846,
1776321401810,37.923,
1776321401910,37.923,
1776321402010,37.923,
1776321402110,37.923,
1776321402210,38.846,
1776321402310,37.923,
1776321402410,37.923,
1776321402510,37.923,
1776321402610,37.923,
1776321402710,37.923,
1776321402810,37.923,
1776321402910,37.923,
1776321403010,37.923,
1776321403110,37.923,
1776321403210,37.923,
1776321403310,37.923,
1776321403410,37.923,
1776321403510,37.923,
1776321403610,38.846,
1776321403710,37.923,
1776321403810,37.923,
1776321403910,37.923,
1776321404010,37.923,
1776321404110,37.923,
1776321404210,37.923,
1776321404310,38.846,
1776321404410,37.923,
1776321404510,38.846,
1776321404610,37.923,
1776321404710,37.923,
1776321404810,38.846,
1776321404910,37.923,
1776321405010,37.923,
1776321405110,37.923,
1776321405210,37.923,
1776321405310,37.923,
1776321405410,38.846,
1776321405510,37.923,
1776321405610,37.923,
1776321405710,37.923,
1776321405810,38.846,
1776321405910,37.923,
1776321406010,37.923,
1776321406110,37.923,
1776321406210,37.923,
1776321406310,37.923,
1776321406410,37.923,
1776321406510,37.923,
1776321406610,38.846,
1776321406710,37.923,
1776321406810,38.846,
1776321406910,37.923,
1776321407010,38.846,
1776321407110,37.923,
1776321407210,37.923,
1776321407310,37.923,
1776321407410,37.923,
1776321407510,38.846,
1776321407610,38.846,
1776321407710,37.923,
1776321407810,37.923,
1776321407910,38.846,
1776321408010,38.846,
1776321408110,38.846,
1776321408210,38.846,
1776321408310,37.923,
1776321408410,37.923,
1776321408510,37.923,
1776321408610,38.846,
1776321408710,37.923,
1776321408810,38.846,
1776321408910,38.846,
1776321409010,37.923,
1776321409110,37.923,
1776321409210,38.846,
1776321409310,37.923,
1776321409410,37.923,
1776321409510,38.846,
1776321409610,38.846,
1776321409710,38.846,
1776321409810,37.923,
1776321409910,37.923,
1776321410010,38.846,
1776321410110,38.846,
1776321410210,38.846,
1776321410310,38.846,
1776321410410,37.923,
1776321410510,38.846,
1776321410610,37.923,
1776321410710,37.923,
1776321410810,37.923,
1776321410910,38.846,
1776321411010,37.923,
1776321411110,38.846,
1776321411210,37.923,
1776321411310,38.846,
1776321411410,37.923,
1776321411510,37.923,
1776321411610,38.846,
1776321411710,38.846,
1776321411810,37.923,
1776321411910,38.846,
1776321412010,37.923,
1776321412110,37.923,
1776321412210,37.923,
1776321412310,37.923,
1776321412410,38.846,
1776321412510,38.846,
1776321412610,37.923,
1776321412710,37.923,
1776321412810,38.846,
1776321412910,37.923,
1776321413010,38.846,
1776321413110,37.923,
1776321413210,37.923,
1776321413310,37.923,
1776321413410,37.923,
1776321413510,37.923,
1776321413610,37.923,
1776321413710,38.846,
1776321413810,37.923,
1776321413910,37.923,
1776321414010,38.846,
1776321414110,38.846,
1776321414210,37.923,
1776321414310,38.846,
1776321414410,38.846,
1776321414510,38.846,
1776321414610,37.923,
1776321414710,37.923,
1776321414810,38.846,
1776321414910,38.846,
1776321415010,37.923,
1776321415110,38.846,
1776321415210,37.923,
1776321415310,38.846,
1776321415410,38.846,
1776321415510,38.846,
1776321415610,37.923,
1776321415710,38.846,
1776321415810,37.923,
1776321415910,37.923,
1776321416010,38.846,
1776321416110,38.846,
1776321416210,38.846,
1776321416310,37.923,
1776321416410,37.923,
1776321416510,38.846,
1776321416610,37.923,
1776321416710,38.846,
1776321416810,38.846,
1776321416910,37.923,
1776321417010,37.923,
1776321417110,38.846,
1776321417210,38.846,
1776321417310,38.846,
1776321417410,38.846,
1776321417510,38.846,
1776321417610,38.846,
1776321417710,37.923,
1776321417810,38.846,
1776321417910,38.846,
1776321418010,37.923,
1776321418110,37.923,
1776321418210,38.846,
1776321418310,38.846,
1776321418410,38.846,
1776321418510,38.846,
1776321418610,38.846,
1776321418710,38.846,
1776321418810,38.846,
1776321418910,38.846,
1776321419010,38.846,
1776321419110,38.846,
1776321419210,38.846,
1776321419310,38.846,
1776321419410,38.846,
1776321419510,37.923,
1776321419610,38.846,
1776321419710,38.846,
1776321419810,37.923,
1776321419910,38.846,
1776321420010,38.846,
1776321420110,37.923,
1776321420210,38.846,
1776321420310,38.846,
1776321420410,38.846,
1776321420510,38.846,
1776321420610,38.846,
1776321420710,37.923,
1776321420810,38.846,
1776321420910,38.846,
1776321421010,37.923,
1776321421110,38.846,
1776321421210,38.846,
1776321421310,37.923,
1776321421410,38.846,
1776321421510,37.923,
1776321421610,38.846,
1776321421710,38.846,
1776321421810,38.846,
1776321421910,37.923,
1776321422010,38.846,
1776321422110,38.846,
1776321422210,37.923,
1776321422310,38.846,
1776321422410,37.923,
1776321422510,37.923,
1776321422610,38.846,
1776321422710,38.846,
1776321422810,38.846,
1776321422910,37.923,
1776321423010,38.846,
1776321423110,38.846,
1776321423210,38.846,
1776321423310,38.846,
1776321423410,38.846,
1776321423510,37.923,
1776321423610,38.846,
1776321423710,37.923,
1776321423810,38.846,
1776321423910,37.923,
1776321424010,38.846,
1776321424110,38.846,
1776321424210,38.846,
1776321424310,37.923,
1776321424410,38.846,
1776321424510,37.923,
1776321424610,37.923,
1776321424710,38.846,
1776321424810,37.923,
1776321424910,38.846,
1776321425010,37.923,
1776321425110,38.846,
1776321425210,37.923,
1776321425310,38.846,
1776321425410,37.923,
1776321425510,38.846,
1776321425610,37.923,
1776321425710,38.846,
1776321425810,37.923,
1776321425910,38.846,
1776321426010,38.846,
1776321426110,38.846,
1776321426210,38.846,
1776321426310,37.923,
1776321426410,38.846,
1776321426510,38.846,
1776321426610,38.846,
1776321426710,38.846,
1776321426810,38.846,
1776321426910,37.923,
1776321427010,38.846,
1776321427110,38.846,
1776321427210,38.846,
1776321427310,38.846,
1776321427410,37.923,
1776321427510,38.846,
1776321427610,37.923,
1776321427710,38.846,
1776321427810,37.923,
1776321427910,37.923,
1776321428010,37.923,
1776321428110,38.846,
1776321428210,37.923,
1776321428310,38.846,
1776321428410,38.846,
1776321428510,38.846,
1776321428610,38.846,
1776321428710,38.846,
1776321428810,38.846,
1776321428910,38.846,
1776321429010,38.846,
1776321429110,38.846,
1776321429210,38.846,
1776321429310,38.846,
1776321429410,38.846,
1776321429510,38.846,
1776321429610,38.846,
1776321429710,37.923,
1776321429810,38.846,
1776321429910,38.846,
1776321430010,37.923,
1776321430110,38.846,
1776321430210,38.846,
1776321430310,38.846,
1776321430410,38.846,
1776321430510,38.846,
1776321430610,38.846,
1776321430710,38.846,
1776321430810,38.846,
1776321430910,38.846,
1776321431010,38.846,
1776321431110,38.846,
1776321431210,38.846,
1776321431310,38.846,
1776321431410,38.846,
1776321431510,38.846,
1776321431610,38.846,
1776321431710,38.846,
1776321431810,38.846,
1776321431910,38.846,
1776321432010,38.846,
1776321432110,38.846,
1776321432210,38.846,
1776321432310,38.846,
1776321432410,38.846,
1776321432510,38.846,
1776321432610,38.846,
1776321432710,38.846,
1776321432810,38.846,
1776321432910,38.846,
1776321433010,38.846,
1776321433110,38.846,
1776321433210,38.846,
1776321433310,38.846,
1776321433410,38.846,
1776321433510,38.846,
1776321433610,38.846,
1776321433710,38.846,
1776321433810,38.846,
1776321433910,37.923,
1776321434010,38.846,
1776321434110,38.846,
1776321434210,37.923,
1776321434310,38.846,
1776321434410,38.846,
1776321434510,38.846,
1776321434610,38.846,
1776321434710,38.846,
1776321434810,38.846,
1776321434910,37.923,
1776321435010,38.846,
1776321435110,38.846,
1776321435210,38.846,
1776321435310,38.846,
1776321435410,38.846,
1776321435510,38.846,
1776321435610,38.846,
1776321435710,38.846,
1776321435810,37.923,
1776321435910,38.846,
1776321436010,38.846,
1776321436110,38.846,
1776321436210,38.846,
1776321436310,38.846,
1776321436410,38.846,
1776321436510,38.846,
1776321436610,38.846,
1776321436710,38.846,
1776321436810,38.846,
1776321436910,38.846,
1776321437010,37.923,
1776321437110,38.846,
1776321437210,38.846,
1776321437310,37.923,
1776321437410,38.846,
1776321437510,38.846,
1776321437610,38.846,
1776321437710,38.846,
1776321437810,37.923,
1776321437910,38.846,
1776321438010,38.846,
1776321438110,38.846,
1776321438210,38.846,
1776321438310,38.846,
1776321438410,38.846,
1776321438510,38.846,
1776321438610,37.923,
1776321438710,38.846,
1776321438810,38.846,
1776321438910,38.846,
1776321439010,38.846,
1776321439110,38.846,
1776321439210,38.846,
1776321439310,38.846,
1776321439410,38.846,
1776321439510,38.846,
1776321439610,38.846,
1776321439710,38.846,
1776321439810,38.846,
1776321439910,38.846,
1776321440010,38.846,
1776321440110,37.923,
1776321440210,37.923,
1776321440310,38.846,
1776321440410,38.846,
1776321440510,38.846,
1776321440610,38.846,
1776321440710,37.923,
1776321440810,38.846,
1776321440910,38.846,
1776321441010,38.846,
1776321441110,37.923,
1776321441210,37.923,
1776321441310,38.846,
1776321441410,38.846,
1776321441510,38.846,
1776321441610,37.923,
1776321441710,38.846,
1776321441810,38.846,
1776321441910,38.846,
1776321442010,38.846,
1776321442110,38.846,
1776321442210,38.846,
1776321442310,38.846,
1776321442410,38.846,
1776321442510,38.846,
1776321442610,38.846,
1776321442710,38.846,
1776321442810,38.846,
1776321442910,37.923,
1776321443010,38.846,
1776321443110,38.846,
1776321443210,38.846,
1776321443310,38.846,
1776321443410,38.846,
1776321443510,37.923,
1776321443610,38.846,
1776321443710,37.923,
1776321443810,38.846,
1776321443910,38.846,
1776321444010,38.846,
1776321444110,38.846,
1776321444210,38.846,
1776321444310,38.846,
1776321444410,38.846,
1776321444510,38.846,
1776321444610,38.846,
1776321444710,38.846,
1776321444810,38.846,
1776321444910,38.846,
1776321445010,38.846,
1776321445110,38.846,
1776321445210,38.846,
1776321445310,38.846,
1776321445410,38.846,
1776321445510,38.846,
1776321445610,38.846,
1776321445710,38.846,
1776321445810,38.846,
1776321445910,38.846,
1776321446010,38.846,
1776321446110,38.846,
1776321446210,38.846,
1776321446310,38.846,
1776321446410,38.846,
1776321446510,38.846,
1776321446610,38.846,
1776321446710,38.846,
1776321446810,38.846,
1776321446910,38.846,
1776321447010,38.846,
1776321447110,38.846,
1776321447210,38.846,
1776321447310,38.846,
1776321447410,38.846,
1776321447510,38.846,
1776321447610,38.846,
1776321447710,38.846,
1776321447810,38.846,
1776321447910,38.846,
1776321448010,38.846,
1776321448110,38.846,
1776321448210,38.846,
1776321448310,38.846,
1776321448410,38.846,
1776321448510,38.846,
1776321448610,38.846,
1776321448710,38.846,
1776321448810,38.846,
1776321448910,38.846,
1776321449010,38.846,
1776321449110,38.846,
1776321449210,38.846,
1776321449310,38.846,
1776321449410,38.846,
1776321449510,38.846,
1776321449610,38.846,
1776321449710,38.846,
1776321449810,38.846,
1776321449910,38.846,
1776321450010,38.846,
1776321450110,38.846,
1776321450210,38.846,
1776321450310,38.846,
1776321450410,38.846,
1776321450510,38.846,
1776321450610,38.846,
1776321450710,38.846,
1776321450810,38.846,
1776321450910,38.846,
1776321451010,38.846,
1776321451110,38.846,
1776321451210,38.846,
1776321451310,38.846,
1776321451410,38.846,
1776321451510,38.846,
1776321451610,38.846,
1776321451710,38.846,
1776321451810,38.846,
1776321451910,38.846,
1776321452010,38.846,
1776321452110,38.846,
1776321452210,38.846,
1776321452310,38.846,
1776321452410,38.846,
1776321452510,38.846,
1776321452610,38.846,
1776321452710,38.846,
1776321452810,38.846,
1776321452910,38.846,
1776321453010,38.846,
1776321453110,38.846,
1776321453210,38.846,
1776321453310,38.846,
1776321453410,38.846,
1776321453510,38.846,
1776321453610,38.846,
1776321453710,38.846,
1776321453810,38.846,
1776321453910,38.846,
1776321454010,38.846,
1776321454110,38.846,
1776321454210,38.846,
1776321454310,38.846,
1776321454410,38.846,
1776321454510,38.846,
1776321454610,38.846,
1776321454710,38.846,
1776321454810,38.846,
1776321454910,38.846,
1776321455010,38.846,
1776321455110,38.846,
1776321455210,38.846,
1776321455310,38.846,
1776321455410,38.846,
1776321455510,38.846,
1776321455610,38.846,
1776321455710,38.846,
1776321455810,38.846,
1776321455910,38.846,
1776321456010,38.846,
1776321456110,38.846,
1776321456210,38.846,
1776321456310,38.846,
1776321456410,38.846,
1776321456510,38.846,
1776321456610,38.846,
1776321456710,38.846,
1776321456810,38.846,
1776321456910,38.846,
1776321457010,38.846,
1776321457110,38.846,
1776321457210,38.846,
1776321457310,38.846,
1776321457410,38.846,
1776321457510,38.846,
1776321457610,38.846,
1776321457710,38.846,
1776321457810,38.846,
1776321457910,38.846,
1776321458010,38.846,
1776321458110,38.846,
1776321458210,38.846,
1776321458310,38.846,
1776321458410,38.846,
1776321458510,38.846,
1776321458610,38.846,
1776321458710,38.846,
1776321458810,38.846,
1776321458910,38.846,
1776321459010,38.846,
1776321459110,38.846,
1776321459210,38.846,
1776321459310,38.846,
1776321459410,38.846,
1776321459510,38.846,
1776321459610,38.846,
1776321459710,38.846,
1776321459810,38.846,
1776321459910,38.846,
1776321460010,38.846,
1776321460110,38.846,
1776321460210,38.846,
1776321460310,38.846,
1776321460410,38.846,
1776321460510,38.846,
1776321460610,38.846,
1776321460710,38.846,
1776321460810,38.846,
1776321460910,38.846,
1776321461010,38.846,
1776321461110,38.846,
1776321461210,38.846,
1776321461310,38.846,
1776321461410,38.846,
1776321461510,38.846,
1776321461610,38.846,
1776321461710,38.846,
1776321461810,38.846,
1776321461910,38.846,
1776321462010,38.846,
1776321462110,38.846,
1776321462210,38.846,
1776321462310,38.846,
1776321462410,38.846,
1776321462510,38.846,
1776321462610,38.846,
1776321462710,38.846,
1776321462810,38.846,
1776321462910,38.846,
1776321463010,38.846,
1776321463110,38.846,
1776321463210,38.846,
1776321463310,38.846,
1776321463410,38.846,
1776321463510,38.846,
1776321463610,38.846,
1776321463710,38.846,
1776321463810,38.846,
1776321463910,38.846,
1776321464010,38.846,
1776321464110,38.846,
1776321464210,38.846,
1776321464310,38.846,
1776321464410,38.846,
1776321464510,38.846,
1776321464610,38.846,
1776321464710,38.846,
1776321464810,38.846,
1776321464910,38.846,
1776321465010,38.846,
1776321465110,38.846,
1776321465210,38.846,
1776321465310,38.846,
1776321465410,38.846,
1776321465510,38.846,
1776321465610,38.846,
1776321465710,38.846,
1776321465810,38.846,
1776321465910,38.846,
1776321466010,38.846,
1776321466110,38.846,
1776321466210,38.846,
1776321466310,38.846,
1776321466410,38.846,
1776321466510,38.846,
1776321466610,38.846,
1776321466710,38.846,
1776321466810,38.846,
1776321466910,38.846,
1776321467010,38.846,
1776321467110,38.846,
1776321467210,38.846,
1776321467310,38.846,
1776321467410,38.846,
1776321467510,38.846,
1776321467610,38.846,
1776321467710,38.846,
1776321467810,38.846,
1776321467910,38.846,
1776321468010,38.846,
1776321468110,38.846,
1776321468210,38.846,
1776321468310,38.846,
1776321468410,38.846,
1776321468510,38.846,
1776321468610,38.846,
1776321468710,38.846,
1776321468810,38.846,
1776321468910,38.846,
1776321469010,38.846,
1776321469110,38.846,
1776321469210,38.846,
1776321469310,38.846,
1776321469410,38.846,
1776321469510,38.846,
1776321469610,38.846,
1776321469710,38.846,
1776321469810,38.846,
1776321469910,38.846,
1776321470010,38.846,
1776321470110,38.846,
1776321470210,38.846,
1776321470310,38.846,
1776321470410,38.846,
1776321470510,38.846,
1776321470610,38.846,
1776321470710,38.846,
1776321470810,38.846,
1776321470910,38.846,
1776321471010,38.846,
1776321471110,38.846,
1776321471210,38.846,
1776321471310,38.846,
1776321471410,38.846,
1776321471510,38.846,
1776321471610,38.846,
1776321471710,38.846,
1776321471810,38.846,
1776321471910,38.846,
1776321472010,38.846,
1776321472110,38.846,
1776321472210,38.846,
1776321472310,38.846,
1776321472410,38.846,
1776321472510,38.846,
1776321472610,38.846,
1776321472710,38.846,
1776321472810,38.846,
1776321472910,38.846,
1776321473010,38.846,
1776321473110,38.846,
1776321473210,38.846,
1776321473310,38.846,
1776321473410,38.846,
1776321473510,38.846,
1776321473610,38.846,
1776321473710,38.846,
1776321473810,38.846,
1776321473910,38.846,
1776321474010,38.846,
1776321474110,38.846,
1776321474210,38.846,
1776321474310,38.846,
1776321474410,38.846,
1776321474510,38.846,
1776321474610,38.846,
1776321474710,38.846,
1776321474810,38.846,
1776321474910,38.846,
1776321475010,38.846,
1776321475110,38.846,
1776321475210,38.846,
1776321475310,38.846,
1776321475410,38.846,
1776321475510,38.846,
1776321475610,38.846,
1776321475710,38.846,
1776321475810,38.846,
1776321475910,38.846,
1776321476010,38.846,
1776321476110,38.846,
1776321476210,38.846,
1776321476310,38.846,
1776321476410,38.846,
1776321476510,38.846,
1776321476610,38.846,
1776321476710,38.846,
1776321476810,38.846,
1776321476910,38.846,
1776321477010,38.846,
1776321477110,38.846,
1776321477210,38.846,
1776321477310,38.846,
1776321477410,38.846,
1776321477510,38.846,
1776321477610,38.846,
1776321477710,38.846,
1776321477810,38.846,
1776321477910,38.846,
1776321478010,38.846,
1776321478110,38.846,
1776321478210,38.846,
1776321478310,38.846,
1776321478410,38.846,
1776321478510,38.846,
1776321478610,38.846,
1776321478710,38.846,
1776321478810,38.846,
1776321478910,38.846,
1776321479010,38.846,
1776321479110,38.846,
1776321479210,38.846,
1776321479310,38.846,
1776321479410,38.846,
1776321479510,38.846,
1776321479610,38.846,
1776321479710,38.846,
1776321479810,38.846,
1776321479910,38.846,
1776321480010,38.846,
1776321480110,38.846,
1776321480210,38.846,
1776321480310,38.846,
1776321480410,38.846,
1776321480510,38.846,
1776321480610,38.846,
1776321480710,38.846,
1776321480810,38.846,
1776321480910,38.846,
1776321481010,38.846,
1776321481110,38.846,
1776321481210,38.846,
1776321481310,38.846,
1776321481410,38.846,
1776321481510,38.846,
1776321481610,38.846,
1776321481710,38.846,
1776321481810,38.846,
1776321481910,38.846,
1776321482010,38.846,
1776321482110,38.846,
1776321482210,38.846,
1776321482310,38.846,
1776321482410,38.846,
1776321482510,38.846,
1776321482610,38.846,
1776321482710,38.846,
1776321482810,38.846,
1776321482910,38.846,
1776321483010,38.846,
1776321483110,38.846,
1776321483210,38.846,
1776321483310,38.846,
1776321483410,38.846,
1776321483510,38.846,
1776321483610,38.846,
1776321483710,38.846,
1776321483810,38.846,
1776321483910,38.846,
1776321484010,38.846,
1776321484110,38.846,
1776321484210,38.846,
1776321484310,38.846,
1776321484410,38.846,
1776321484510,38.846,
1776321484610,38.846,
1776321484710,38.846,
1776321484810,38.846,
1776321484910,38.846,
1776321485010,38.846,
1776321485110,38.846,
1776321485210,38.846,
1776321485310,38.846,
1776321485410,38.846,
1776321485510,38.846,
1776321485610,38.846,
1776321485710,38.846,
1776321485810,38.846,
1776321485910,38.846,
1776321486010,38.846,
1776321486110,38.846,
1776321486210,38.846,
1776321486310,38.846,
1776321486410,38.846,
1776321486510,38.846,
1776321486610,38.846,
1776321486710,38.846,
1776321486810,38.846,
1776321486910,38.846,
1776321487010,38.846,
1776321487110,38.846,
1776321487210,38.846,
1776321487310,38.846,
1776321487410,38.846,
1776321487510,38.846,
1776321487610,38.846,
1776321487710,38.846,
1776321487810,38.846,
1776321487910,38.846,
1776321488010,38.846,
1776321488110,38.846,
1776321488210,38.846,
1776321488310,38.846,
1776321488410,38.846,
1776321488510,38.846,
1776321488610,38.846,
1776321488710,38.846,
1776321488810,38.846,
1776321488910,38.846,
1776321489010,38.846,
1776321489110,38.846,
1776321489210,38.846,
1776321489310,38.846,
1776321489410,38.846,
1776321489510,38.846,
1776321489610,38.846,
1776321489710,38.846,
1776321489810,38.846,
1776321489910,38.846,
1776321490010,38.846,
1776321490110,38.846,
1776321490210,38.846,
1776321490310,38.846,
1776321490410,38.846,
1776321490510,38.846,
1776321490610,38.846,
1776321490710,38.846,
1776321490810,38.846,
1776321490910,38.846,
1776321491010,38.846,
1776321491110,38.846,
1776321491210,38.846,
1776321491310,38.846,
1776321491410,38.846,
1776321491510,38.846,
1776321491610,38.846,
1776321491710,38.846,
1776321491810,38.846,
1776321491910,38.846,
1776321492010,38.846,
1776321492110,38.846,
1776321492210,38.846,
1776321492310,38.846,
1776321492410,38.846,
1776321492510,38.846,
1776321492610,38.846,
1776321492710,38.846,
1776321492810,38.846,
1776321492910,38.846,
1776321493010,38.846,
1776321493110,38.846,
1776321493210,38.846,
1776321493310,38.846,
1776321493410,38.846,
1776321493510,38.846,
1776321493610,38.846,
1776321493710,38.846,
1776321493810,38.846,
1776321493910,38.846,
1776321494010,38.846,
1776321494110,38.846,
1776321494210,38.846,
1776321494310,38.846,
1776321494410,38.846,
1776321494510,38.846,
1776321494610,38.846,
1776321494710,38.846,
1776321494810,38.846,
1776321494910,38.846,
1776321495010,38.846,
1776321495110,38.846,
1776321495210,38.846,
1776321495310,38.846,
1776321495410,38.846,
1776321495510,38.846,
1776321495610,38.846,
1776321495710,38.846,
1776321495810,38.846,
1776321495910,38.846,
1776321496010,38.846,
1776321496110,38.846,
1776321496210,38.846,
1776321496310,38.846,
1776321496410,38.846,
1776321496510,38.846,
1776321496610,38.846,
1776321496710,38.846,
1776321496810,38.846,
1776321496910,38.846,
1776321497010,38.846,
1776321497110,38.846,
1776321497210,38.846,
1776321497310,38.846,
1776321497410,38.846,
1776321497510,38.846,
1776321497610,38.846,
1776321497710,38.846,
1776321497810,38.846,
1776321497910,38.846,
1776321498010,38.846,
1776321498110,38.846,
1776321498210,38.846,
1776321498310,38.846,
1776321498410,38.846,
1776321498510,38.846,
1776321498610,38.846,
1776321498710,38.846,
1776321498810,38.846,
1776321498910,38.846,
1776321499010,38.846,
1776321499110,38.846,
1776321499210,38.846,
1776321499310,38.846,
1776321499410,38.846,
1776321499510,38.846,
1776321499610,38.846,
1776321499710,38.846,
1776321499810,38.846,
1776321499910,38.846,
1776321500010,38.846,
1776321500110,38.846,
1776321500210,38.846,
1776321500310,38.846,
1776321500410,38.846,
1776321500510,38.846,
1776321500610,38.846,
1776321500710,38.846,
1776321500810,38.846,
1776321500910,38.846,
1776321501010,38.846,
1776321501110,38.846,
1776321501210,38.846,
1776321501310,38.846,
1776321501410,38.846,
1776321501510,38.846,
1776321501610,38.846,
1776321501710,38.846,
1776321501810,38.846,
1776321501910,38.846,
1776321502010,38.846,
1776321502110,38.846,
1776321502210,38.846,
1776321502310,38.846,
1776321502410,38.846,
1776321502510,38.846,
1776321502610,38.846,
1776321502710,38.846,
1776321502810,38.846,
1776321502910,38.846,
1776321503010,38.846,
1776321503110,38.846,
1776321503210,38.846,
1776321503310,38.846,
1776321503410,38.846,
1776321503510,38.846,
1776321503610,38.846,
1776321503710,38.846,
1776321503810,38.846,
1776321503910,38.846,
1776321504010,38.846,
1776321504110,38.846,
1776321504210,38.846,
1776321504310,38.846,
1776321504410,38.846,
1776321504510,38.846,
1776321504610,38.846,
1776321504710,38.846,
1776321504810,38.846,
1776321504910,38.846,
1776321505010,38.846,
1776321505110,38.846,
1776321505210,38.846,
1776321505310,38.846,
1776321505410,38.846,
1776321505510,38.846,
1776321505610,38.846,
1776321505710,38.846,
1776321505810,38.846,
1776321505910,38.846,
1776321506010,38.846,
1776321506110,38.846,
1776321506210,38.846,
1776321506310,38.846,
1776321506410,38.846,
1776321506510,38.846,
1776321506610,38.846,
1776321506710,38.846,
1776321506810,38.846,
1776321506910,38.846,
1776321507010,38.846,
1776321507110,38.846,
1776321507210,38.846,
1776321507310,38.846,
1776321507410,38.846,
1776321507510,38.846,
1776321507610,38.846,
1776321507710,38.846,
1776321507810,38.846,
1776321507910,38.846,
1776321508010,38.846,
1776321508110,38.846,
1776321508210,38.846,
1776321508310,38.846,
1776321508410,38.846,
1776321508510,38.846,
1776321508610,38.846,
1776321508710,38.846,
1776321508810,38.846,
1776321508910,38.846,
1776321509010,38.846,
1776321509110,38.846,
1776321509210,38.846,
1776321509310,38.846,
1776321509410,38.846,
1776321509510,38.846,
1776321509610,38.846,
1776321509710,38.846,
1776321509810,38.846,
1776321509910,38.846,
1776321510010,38.846,
1776321510110,38.846,
1776321510210,38.846,
1776321510310,38.846,
1776321510410,38.846,
1776321510510,38.846,
1776321510610,38.846,
1776321510710,38.846,
1776321510810,38.846,
1776321510910,38.846,
1776321511010,38.846,
1776321511110,38.846,
1776321511210,38.846,
1776321511310,38.846,
1776321511410,38.846,
1776321511510,38.846,
1776321511610,38.846,
1776321511710,38.846,
1776321511810,38.846,
1776321511910,38.846,
1776321512010,38.846,
1776321512110,38.846,
1776321512210,38.846,
1776321512310,38.846,
1776321512410,38.846,
1776321512510,38.846,
1776321512610,38.846,
1776321512710,38.846,
1776321512810,38.846,
1776321512910,38.846,
1776321513010,38.846,
1776321513110,38.846,
1776321513210,38.846,
1776321513310,38.846,
1776321513410,38.846,
1776321513510,38.846,
1776321513610,38.846,
1776321513710,38.846,
1776321513810,38.846,
1776321513910,38.846,
1776321514010,38.846,
1776321514110,38.846,
1776321514210,38.846,
1776321514310,38.846,
1776321514410,38.846,
1776321514510,38.846,
1776321514610,38.846,
1776321514710,38.846,
1776321514810,38.846,
1776321514910,38.846,
1776321515010,38.846,
1776321515110,38.846,
1776321515210,38.846,
1776321515310,38.846,
1776321515410,38.846,
1776321515510,38.846,
1776321515610,38.846,
1776321515710,38.846,
1776321515810,38.846,
1776321515910,38.846,
1776321516010,38.846,
1776321516110,38.846,
1776321516210,38.846,
1776321516310,38.846,
1776321516410,38.846,
1776321516510,38.846,
1776321516610,38.846,
1776321516710,38.846,
1776321516810,38.846,
1776321516910,38.846,
1776321517010,38.846,
1776321517110,38.846,
1776321517210,38.846,
1776321517310,38.846,
1776321517410,38.846,
1776321517510,38.846,
1776321517610,38.846,
1776321517710,38.846,
1776321517810,38.846,
1776321517910,38.846,
1776321518010,38.846,
1776321518110,38.846,
1776321518210,38.846,
1776321518310,38.846,
1776321518410,38.846,
1776321518510,38.846,
1776321518610,38.846,
1776321518710,38.846,
1776321518810,38.846,
1776321518910,38.846,
1776321519010,38.846,
1776321519110,38.846,
1776321519210,38.846,
1776321519310,38.846,
1776321519410,38.846,
1776321519510,38.846,
1776321519610,38.846,
1776321519710,38.846,
1776321519810,38.846,
1776321519910,38.846,
1776321520010,38.846,
1776321520110,38.846,
1776321520210,38.846,
1776321520310,38.846,
1776321520410,38.846,
1776321520510,38.846,
1776321520610,38.846,
1776321520710,38.846,
1776321520810,38.846,
1776321520910,38.846,
1776321521010,38.846,
1776321521110,38.846,
1776321521210,38.846,
1776321521310,38.846,
1776321521410,38.846,
1776321521510,38.846,
1776321521610,38.846,
1776321521710,38.846,
1776321521810,38.846,
1776321521910,38.846,
1776321522010,38.846,
1776321522110,38.846,
1776321522210,38.846,
1776321522310,38.846,
1776321522410,38.846,
1776321522510,38.846,
1776321522610,38.846,
1776321522710,38.846,
1776321522810,38.846,
1776321522910,38.846,
1776321523010,38.846,
1776321523110,38.846,
1776321523210,38.846,
1776321523310,38.846,
1776321523410,38.846,
1776321523510,38.846,
1776321523610,38.846,
1776321523710,38.846,
1776321523810,38.846,
1776321523910,38.846,
1776321524010,38.846,
1776321524110,38.846,
1776321524210,38.846,
1776321524310,38.846,
1776321524410,38.846,
1776321524510,38.846,
1776321524610,38.846,
1776321524710,38.846,
1776321524810,38.846,
1776321524910,38.846,
1776321525010,38.846,
1776321525110,38.846,
1776321525210,38.846,
1776321525310,38.846,
1776321525410,38.846,
1776321525510,38.846,
1776321525610,38.846,
1776321525710,38.846,
1776321525810,38.846,
1776321525910,38.846,
1776321526010,38.846,
1776321526110,38.846,
1776321526210,38.846,
1776321526310,38.846,
1776321526410,38.846,
1776321526510,38.846,
1776321526610,38.846,
1776321526710,38.846,
1776321526810,38.846,
1776321526910,38.846,
1776321527010,38.846,
1776321527110,38.846,
1776321527210,38.846,
1776321527310,38.846,
1776321527410,38.846,
1776321527510,38.846,
1776321527610,38.846,
1776321527710,38.846,
1776321527810,38.846,
1776321527910,38.846,
1776321528010,38.846,
1776321528110,38.846,
1776321528210,38.846,
1776321528310,38.846,
1776321528410,38.846,
1776321528510,38.846,
1776321528610,38.846,
1776321528710,38.846,
1776321528810,38.846,
1776321528910,38.846,
1776321529010,38.846,
1776321529110,38.846,
1776321529210,38.846,
1776321529310,38.846,
1776321529410,38.846,
1776321529510,38.846,
1776321529610,38.846,
1776321529710,38.846,
1776321529810,38.846,
1776321529910,38.846,
1776321530010,38.846,
1776321530110,38.846,
1776321530210,38.846,
1776321530310,38.846,
1776321530410,38.846,
1776321530510,38.846,
1776321530610,38.846,
1776321530710,38.846,
1776321530810,38.846,
1776321530910,38.846,
1776321531010,38.846,
1776321531110,38.846,
1776321531210,38.846,
1776321531310,38.846,
1776321531410,38.846,
1776321531510,38.846,
1776321531610,38.846,
1776321531710,38.846,
1776321531810,38.846,
1776321531910,38.846,
1776321532010,38.846,
1776321532110,38.846,
1776321532210,39.769,
1776321532310,38.846,
1776321532410,38.846,
1776321532510,38.846,
1776321532610,38.846,
1776321532710,38.846,
1776321532810,38.846,
1776321532910,38.846,
1776321533010,38.846,
1776321533110,38.846,
1776321533210,38.846,
1776321533310,38.846,
1776321533410,38.846,
1776321533510,38.846,
1776321533610,38.846,
1776321533710,38.846,
1776321533810,38.846,
1776321533910,38.846,
1776321534010,38.846,
1776321534110,38.846,
1776321534210,38.846,
1776321534310,38.846,
1776321534410,38.846,
1776321534510,38.846,
1776321534610,38.846,
1776321534710,38.846,
1776321534810,38.846,
1776321534910,38.846,
1776321535010,38.846,
1776321535110,38.846,
1776321535210,38.846,
1776321535310,38.846,
1776321535410,38.846,
1776321535510,38.846,
1776321535610,38.846,
1776321535710,38.846,
1776321535810,38.846,
1776321535910,38.846,
1776321536010,38.846,
1776321536110,38.846,
1776321536210,38.846,
1776321536310,38.846,
1776321536410,38.846,
1776321536510,38.846,
1776321536610,38.846,
1776321536710,38.846,
1776321536810,38.846,
1776321536910,38.846,
1776321537010,38.846,
1776321537110,38.846,
1776321537210,38.846,
1776321537310,38.846,
1776321537410,38.846,
1776321537510,38.846,
1776321537610,38.846,
1776321537710,38.846,
1776321537810,38.846,
1776321537910,38.846,
1776321538010,38.846,
1776321538110,38.846,
1776321538210,38.846,
1776321538310,38.846,
1776321538410,38.846,
1776321538510,38.846,
1776321538610,38.846,
1776321538710,38.846,
1776321538810,38.846,
1776321538910,38.846,
1776321539010,38.846,
1776321539110,38.846,
1776321539210,38.846,
1776321539310,38.846,
1776321539410,38.846,
1776321539510,38.846,
1776321539610,38.846,
1776321539710,38.846,
1776321539810,38.846,
1776321539910,38.846,
1776321540010,38.846,
1776321540110,38.846,
1776321540210,38.846,
1776321540310,38.846,
1776321540410,38.846,
1776321540510,38.846,
1776321540610,38.846,
1776321540710,38.846,
1776321540810,38.846,
1776321540910,38.846,
1776321541010,38.846,
1776321541110,38.846,
1776321541210,38.846,
1776321541310,38.846,
1776321541410,38.846,
1776321541510,38.846,
1776321541610,38.846,
1776321541710,38.846,
1776321541810,38.846,
1776321541910,38.846,
1776321542010,38.846,
1776321542110,38.846,
1776321542210,38.846,
1776321542310,38.846,
1776321542410,38.846,
1776321542510,38.846,
1776321542610,38.846,
1776321542710,38.846,
1776321542810,38.846,
1776321542910,38.846,
1776321543010,38.846,
1776321543110,38.846,
1776321543210,38.846,
1776321543310,38.846,
1776321543410,38.846,
1776321543510,38.846,
1776321543610,38.846,
1776321543710,38.846,
1776321543810,38.846,
1776321543910,38.846,
1776321544010,38.846,
1776321544110,38.846,
1776321544210,38.846,
1776321544310,39.769,
1776321544410,38.846,
1776321544510,38.846,
1776321544610,38.846,
1776321544710,38.846,
1776321544810,38.846,
1776321544910,38.846,
1776321545010,38.846,
1776321545110,38.846,
1776321545210,38.846,
1776321545310,38.846,
1776321545410,38.846,
1776321545510,38.846,
1776321545610,38.846,
1776321545710,38.846,
1776321545810,38.846,
1776321545910,38.846,
1776321546010,38.846,
1776321546110,38.846,
1776321546210,38.846,
1776321546310,38.846,
1776321546410,38.846,
1776321546510,38.846,
1776321546610,38.846,
1776321546710,38.846,
1776321546810,38.846,
1776321546910,38.846,
1776321547010,38.846,
1776321547110,38.846,
1776321547210,38.846,
1776321547310,38.846,
1776321547410,38.846,
1776321547510,38.846,
1776321547610,38.846,
1776321547710,38.846,
1776321547810,38.846,
1776321547910,38.846,
1776321548010,39.769,
1776321548110,38.846,
1776321548210,38.846,
1776321548310,38.846,
1776321548410,38.846,
1776321548510,38.846,
1776321548610,39.769,
1776321548710,38.846,
1776321548810,38.846,
1776321548910,39.769,
1776321549010,38.846,
1776321549110,38.846,
1776321549210,38.846,
1776321549310,38.846,
1776321549410,38.846,
1776321549510,38.846,
1776321549610,38.846,
1776321549710,38.846,
1776321549810,38.846,
1776321549910,38.846,
1776321550010,38.846,
1776321550110,38.846,
1776321550210,38.846,
1776321550310,38.846,
1776321550410,38.846,
1776321550510,38.846,
1776321550610,38.846,
1776321550710,38.846,
1776321550810,38.846,
1776321550910,38.846,
1776321551010,38.846,
1776321551110,38.846,
1776321551210,38.846,
1776321551310,38.846,
1776321551410,38.846,
1776321551510,38.846,
1776321551610,38.846,
1776321551710,38.846,
1776321551810,38.846,
1776321551910,38.846,
1776321552010,38.846,
1776321552110,38.846,
1776321552210,38.846,
1776321552310,38.846,
1776321552410,38.846,
1776321552510,38.846,
1776321552610,38.846,
1776321552710,38.846,
1776321552810,38.846,
1776321552910,38.846,
1776321553010,38.846,
1776321553110,38.846,
1776321553210,38.846,
1776321553310,38.846,
1776321553410,39.769,
1776321553510,38.846,
1776321553610,38.846,
1776321553710,38.846,
1776321553810,38.846,
1776321553910,39.769,
1776321554010,38.846,
1776321554110,38.846,
1776321554210,38.846,
1776321554310,38.846,
1776321554410,38.846,
1776321554510,38.846,
1776321554610,38.846,
1776321554710,38.846,
1776321554810,38.846,
1776321554910,38.846,
1776321555010,38.846,
1776321555110,38.846,
1776321555210,38.846,
1776321555310,38.846,
1776321555410,38.846,
1776321555510,38.846,
1776321555610,38.846,
1776321555710,38.846,
1776321555810,38.846,
1776321555910,38.846,
1776321556010,38.846,
1776321556110,38.846,
1776321556210,38.846,
1776321556310,38.846,
1776321556410,38.846,
1776321556510,38.846,
1776321556610,39.769,
1776321556710,38.846,
1776321556810,38.846,
1776321556910,39.769,
1776321557010,38.846,
1776321557110,38.846,
1776321557210,38.846,
1776321557310,38.846,
1776321557410,38.846,
1776321557510,38.846,
1776321557610,38.846,
1776321557710,38.846,
1776321557810,38.846,
1776321557910,38.846,
1776321558010,38.846,
1776321558110,39.769,
1776321558210,38.846,
1776321558310,38.846,
1776321558410,38.846,
1776321558510,38.846,
1776321558610,38.846,
1776321558710,38.846,
1776321558810,38.846,
1776321558910,38.846,
1776321559010,38.846,
1776321559110,38.846,
1776321559210,38.846,
1776321559310,38.846,
1776321559410,38.846,
1776321559510,38.846,
1776321559610,38.846,
1776321559710,38.846,
1776321559810,38.846,
1776321559910,38.846,
1776321560010,39.769,
1776321560110,38.846,
1776321560210,38.846,
1776321560310,38.846,
1776321560410,38.846,
1776321560510,38.846,
1776321560610,39.769,
1776321560710,38.846,
1776321560810,39.769,
1776321560910,38.846,
1776321561010,38.846,
1776321561110,38.846,
1776321561210,38.846,
1776321561310,38.846,
1776321561410,38.846,
1776321561510,38.846,
1776321561610,38.846,
1776321561710,38.846,
1776321561810,38.846,
1776321561910,38.846,
1776321562010,38.846,
1776321562110,38.846,
1776321562210,38.846,
1776321562310,38.846,
1776321562410,38.846,
1776321562510,38.846,
1776321562610,38.846,
1776321562710,38.846,
1776321562810,38.846,
1776321562910,38.846,
1776321563010,38.846,
1776321563110,38.846,
1776321563210,38.846,
1776321563310,38.846,
1776321563410,38.846,
1776321563510,38.846,
1776321563610,38.846,
1776321563710,38.846,
1776321563810,38.846,
1776321563910,38.846,
1776321564010,39.769,
1776321564110,38.846,
1776321564210,38.846,
1776321564310,38.846,
1776321564410,38.846,
1776321564510,38.846,
1776321564610,38.846,
1776321564710,38.846,
1776321564810,38.846,
1776321564910,38.846,
1776321565010,38.846,
1776321565110,39.769,
1776321565210,38.846,
1776321565310,38.846,
1776321565410,38.846,
1776321565510,38.846,
1776321565610,38.846,
1776321565710,38.846,
1776321565810,38.846,
1776321565910,38.846,
1776321566010,38.846,
1776321566110,38.846,
1776321566210,39.769,
1776321566310,38.846,
1776321566410,38.846,
1776321566510,38.846,
1776321566610,38.846,
1776321566710,38.846,
1776321566810,38.846,
1776321566910,38.846,
1776321567010,38.846,
1776321567110,38.846,
1776321567210,38.846,
1776321567310,38.846,
1776321567410,38.846,
1776321567510,39.769,
1776321567610,38.846,
1776321567710,38.846,
1776321567810,38.846,
1776321567910,38.846,
1776321568010,38.846,
1776321568110,38.846,
1776321568210,38.846,
1776321568310,39.769,
1776321568410,38.846,
1776321568510,38.846,
1776321568610,38.846,
1776321568710,38.846,
1776321568810,38.846,
1776321568910,38.846,
1776321569010,38.846,
1776321569110,38.846,
1776321569210,38.846,
1776321569310,38.846,
1776321569410,38.846,
1776321569510,38.846,
1776321569610,38.846,
1776321569710,38.846,
1776321569810,38.846,
1776321569910,39.769,
1776321570010,38.846,
1776321570110,38.846,
1776321570210,38.846,
1776321570310,38.846,
1776321570410,39.769,
1776321570510,38.846,
1776321570610,38.846,
1776321570710,38.846,
1776321570810,38.846,
1776321570910,39.769,
1776321571010,38.846,
1776321571110,38.846,
1776321571210,38.846,
1776321571310,38.846,
1776321571410,38.846,
1776321571510,38.846,
1776321571610,39.769,
1776321571710,38.846,
1776321571810,38.846,
1776321571910,38.846,
1776321572010,38.846,
1776321572110,38.846,
1776321572210,38.846,
1776321572310,38.846,
1776321572410,38.846,
1776321572510,39.769,
1776321572610,38.846,
1776321572710,38.846,
1776321572810,39.769,
1776321572910,38.846,
1776321573010,38.846,
1776321573110,38.846,
1776321573210,39.769,
1776321573310,38.846,
1776321573410,38.846,
1776321573510,39.769,
1776321573610,38.846,
1776321573710,39.769,
1776321573810,39.769,
1776321573910,38.846,
1776321574010,38.846,
1776321574110,38.846,
1776321574210,38.846,
1776321574310,38.846,
1776321574410,38.846,
1776321574510,39.769,
1776321574610,39.769,
1776321574710,38.846,
1776321574810,38.846,
1776321574910,38.846,
1776321575010,38.846,
1776321575110,38.846,
1776321575210,38.846,
1776321575310,38.846,
1776321575410,38.846,
1776321575510,38.846,
1776321575610,38.846,
1776321575710,38.846,
1776321575810,38.846,
1776321575910,38.846,
1776321576010,38.846,
1776321576110,38.846,
1776321576210,38.846,
1776321576310,38.846,
1776321576410,38.846,
1776321576510,39.769,
1776321576610,39.769,
1776321576710,38.846,
1776321576810,38.846,
1776321576910,38.846,
1776321577010,38.846,
1776321577110,38.846,
1776321577210,38.846,
1776321577310,38.846,
1776321577410,38.846,
1776321577510,38.846,
1776321577610,38.846,
1776321577710,39.769,
1776321577810,38.846,
1776321577910,38.846,
1776321578010,38.846,
1776321578110,38.846,
1776321578210,38.846,
1776321578310,39.769,
1776321578410,39.769,
1776321578510,39.769,
1776321578610,38.846,
1776321578710,38.846,
1776321578810,38.846,
1776321578910,38.846,
1776321579010,38.846,
1776321579110,38.846,
1776321579210,38.846,
1776321579310,39.769,
1776321579410,38.846,
1776321579510,38.846,
1776321579610,38.846,
1776321579710,38.846,
1776321579810,38.846,
1776321579910,38.846,
1776321580010,38.846,
1776321580110,38.846,
1776321580210,38.846,
1776321580310,38.846,
1776321580410,38.846,
1776321580510,38.846,
1776321580610,38.846,
1776321580710,39.769,
1776321580810,39.769,
1776321580910,38.846,
1776321581010,39.769,
1776321581110,39.769,
1776321581210,38.846,
1776321581310,38.846,
1776321581410,38.846,
1776321581510,38.846,
1776321581610,38.846,
1776321581710,38.846,
1776321581810,38.846,
1776321581910,39.769,
1776321582010,38.846,
1776321582110,38.846,
1776321582210,38.846,
1776321582310,38.846,
1776321582410,38.846,
1776321582510,39.769,
1776321582610,39.769,
1776321582710,38.846,
1776321582810,39.769,
1776321582910,39.769,
1776321583010,38.846,
1776321583110,38.846,
1776321583210,38.846,
1776321583310,38.846,
1776321583410,38.846,
1776321583510,38.846,
1776321583610,38.846,
1776321583710,39.769,
1776321583810,38.846,
1776321583910,38.846,
1776321584010,38.846,
1776321584110,38.846,
1776321584210,38.846,
1776321584310,38.846,
1776321584410,38.846,
1776321584510,38.846,
1776321584610,38.846,
1776321584710,38.846,
1776321584810,38.846,
1776321584910,39.769,
1776321585010,38.846,
1776321585110,38.846,
1776321585210,38.846,
1776321585310,38.846,
1776321585410,38.846,
1776321585510,38.846,
1776321585610,38.846,
1776321585710,38.846,
1776321585810,38.846,
1776321585910,38.846,
1776321586010,38.846,
1776321586110,38.846,
1776321586210,38.846,
1776321586310,38.846,
1776321586410,38.846,
1776321586510,38.846,
1776321586610,39.769,
1776321586710,38.846,
1776321586810,38.846,
1776321586910,38.846,
1776321587010,38.846,
1776321587110,38.846,
1776321587210,38.846,
1776321587310,38.846,
1776321587410,38.846,
1776321587510,38.846,
1776321587610,38.846,
1776321587710,39.769,
1776321587810,38.846,
1776321587910,38.846,
1776321588010,39.769,
1776321588110,38.846,
1776321588210,38.846,
1776321588310,38.846,
1776321588410,38.846,
1776321588510,38.846,
1776321588610,38.846,
1776321588710,38.846,
1776321588810,38.846,
1776321588910,38.846,
1776321589010,38.846,
1776321589110,38.846,
1776321589210,38.846,
1776321589310,39.769,
1776321589410,38.846,
1776321589510,38.846,
1776321589610,39.769,
1776321589710,38.846,
1776321589810,38.846,
1776321589910,38.846,
1776321590010,38.846,
1776321590110,38.846,
1776321590210,38.846,
1776321590310,38.846,
1776321590410,38.846,
1776321590510,38.846,
1776321590610,38.846,
1776321590710,39.769,
1776321590810,39.769,
1776321590910,38.846,
1776321591010,38.846,
1776321591110,39.769,
1776321591210,38.846,
1776321591310,38.846,
1776321591410,38.846,
1776321591510,38.846,
1776321591610,38.846,
1776321591710,39.769,
1776321591810,38.846,
1776321591910,38.846,
1776321592010,38.846,
1776321592110,38.846,
1776321592210,39.769,
1776321592310,38.846,
1776321592410,38.846,
1776321592510,38.846,
1776321592610,39.769,
1776321592710,39.769,
1776321592810,38.846,
1776321592910,38.846,
1776321593010,39.769,
1776321593110,38.846,
1776321593210,39.769,
1776321593310,38.846,
1776321593410,38.846,
1776321593510,38.846,
1776321593610,38.846,
1776321593710,38.846,
1776321593810,38.846,
1776321593910,38.846,
1776321594010,39.769,
1776321594110,38.846,
1776321594210,38.846,
1776321594310,38.846,
1776321594410,39.769,
1776321594510,38.846,
1776321594610,38.846,
1776321594710,38.846,
1776321594810,39.769,
1776321594910,38.846,
1776321595010,38.846,
1776321595110,38.846,
1776321595210,38.846,
1776321595310,38.846,
1776321595410,38.846,
1776321595510,38.846,
1776321595610,38.846,
1776321595710,39.769,
1776321595810,38.846,
1776321595910,38.846,
1776321596010,38.846,
1776321596110,38.846,
1776321596210,39.769,
1776321596310,38.846,
1776321596410,39.769,
1776321596510,38.846,
1776321596610,38.846,
1776321596710,38.846,
1776321596810,38.846,
1776321596910,39.769,
1776321597010,39.769,
1776321597110,38.846,
1776321597210,39.769,
1776321597310,38.846,
1776321597410,39.769,
1776321597510,38.846,
1776321597610,38.846,
1776321597710,38.846,
1776321597810,38.846,
1776321597910,38.846,
1776321598010,39.769,
1776321598110,38.846,
1776321598210,38.846,
1776321598310,38.846,
1776321598410,38.846,
1776321598510,38.846,
1776321598610,38.846,
1776321598710,39.769,
1776321598810,38.846,
1776321598910,38.846,
1776321599010,39.769,
1776321599110,39.769,
1776321599210,39.769,
1776321599310,38.846,
1776321599410,38.846,
1776321599510,39.769,
1776321599610,38.846,
1776321599710,38.846,
1776321599810,39.769,
1776321599910,38.846,
1776321600010,38.846,
1776321600110,38.846,
1776321600210,38.846,
1776321600310,38.846,
1776321600410,38.846,
1776321600510,38.846,
1776321600610,38.846,
1776321600710,38.846,
1776321600810,38.846,
1776321600910,38.846,
1776321601010,38.846,
1776321601110,39.769,
1776321601210,38.846,
1776321601310,38.846,
1776321601410,39.769,
1776321601510,38.846,
1776321601610,38.846,
1776321601710,38.846,
1776321601810,39.769,
1776321601910,38.846,
1776321602010,38.846,
1776321602110,38.846,
1776321602210,38.846,
1776321602310,38.846,
1776321602410,38.846,
1776321602510,39.769,
1776321602610,38.846,
1776321602710,39.769,
1776321602810,38.846,
1776321602910,38.846,
1776321603010,38.846,
1776321603110,38.846,
1776321603210,38.846,
1776321603310,39.769,
1776321603410,38.846,
1776321603510,38.846,
1776321603610,38.846,
1776321603710,38.846,
1776321603810,39.769,
1776321603910,38.846,
1776321604010,39.769,
1776321604110,39.769,
1776321604210,38.846,
1776321604310,38.846,
1776321604410,38.846,
1776321604510,39.769,
1776321604610,38.846,
1776321604710,39.769,
1776321604810,38.846,
1776321604910,38.846,
1776321605010,38.846,
1776321605110,39.769,
1776321605210,38.846,
1776321605310,38.846,
1776321605410,38.846,
1776321605510,38.846,
1776321605610,39.769,
1776321605710,39.769,
1776321605810,38.846,
1776321605910,38.846,
1776321606010,39.769,
1776321606110,38.846,
1776321606210,38.846,
1776321606310,39.769,
1776321606410,39.769,
1776321606510,39.769,
1776321606610,39.769,
1776321606710,39.769,
1776321606810,38.846,
1776321606910,39.769,
1776321607010,38.846,
1776321607110,38.846,
1776321607210,38.846,
1776321607310,38.846,
1776321607410,38.846,
1776321607510,38.846,
1776321607610,38.846,
1776321607710,38.846,
1776321607810,38.846,
1776321607910,38.846,
1776321608010,38.846,
1776321608110,38.846,
1776321608210,38.846,
1776321608310,38.846,
1776321608410,38.846,
1776321608510,38.846,
1776321608610,39.769,
1776321608710,38.846,
1776321608810,38.846,
1776321608910,38.846,
1776321609010,38.846,
1776321609110,38.846,
1776321609210,38.846,
1776321609310,38.846,
1776321609410,38.846,
1776321609510,38.846,
1776321609610,38.846,
1776321609710,38.846,
1776321609810,38.846,
1776321609910,38.846,
1776321610010,38.846,
1776321610110,39.769,
1776321610210,38.846,
1776321610310,39.769,
1776321610410,39.769,
1776321610510,38.846,
1776321610610,39.769,
1776321610710,38.846,
1776321610810,39.769,
1776321610910,38.846,
1776321611010,38.846,
1776321611110,38.846,
1776321611210,39.769,
1776321611310,39.769,
1776321611410,39.769,
1776321611510,39.769,
1776321611610,39.769,
1776321611710,38.846,
1776321611810,38.846,
1776321611910,38.846,
1776321612010,39.769,
1776321612110,39.769,
1776321612210,39.769,
1776321612310,38.846,
1776321612410,39.769,
1776321612510,39.769,
1776321612610,38.846,
1776321612710,39.769,
1776321612810,39.769,
1776321612910,39.769,
1776321613010,39.769,
1776321613110,38.846,
1776321613210,39.769,
1776321613310,39.769,
1776321613410,39.769,
1776321613510,39.769,
1776321613610,38.846,
1776321613710,39.769,
1776321613810,39.769,
1776321613910,38.846,
1776321614010,38.846,
1776321614110,38.846,
1776321614210,39.769,
1776321614310,39.769,
1776321614410,39.769,
1776321614510,39.769,
1776321614610,38.846,
1776321614710,39.769,
1776321614810,39.769,
1776321614910,39.769,
1776321615010,39.769,
1776321615110,38.846,
1776321615210,39.769,
1776321615310,39.769,
1776321615410,39.769,
1776321615510,39.769,
1776321615610,39.769,
1776321615710,39.769,
1776321615810,38.846,
1776321615910,38.846,
1776321616010,39.769,
1776321616110,39.769,
1776321616210,39.769,
1776321616310,39.769,
1776321616410,38.846,
1776321616510,38.846,
1776321616610,38.846,
1776321616710,39.769,
1776321616810,38.846,
1776321616910,39.769,
1776321617010,38.846,
1776321617110,39.769,
1776321617210,39.769,
1776321617310,39.769,
1776321617410,39.769,
1776321617510,38.846,
1776321617610,39.769,
1776321617710,38.846,
1776321617810,39.769,
1776321617910,38.846,
1776321618010,38.846,
1776321618110,38.846,
1776321618210,38.846,
1776321618310,39.769,
1776321618410,39.769,
1776321618510,39.769,
1776321618610,38.846,
1776321618710,38.846,
1776321618810,39.769,
1776321618910,39.769,
1776321619010,38.846,
1776321619110,39.769,
1776321619210,38.846,
1776321619310,39.769,
1776321619410,39.769,
1776321619510,39.769,
1776321619610,39.769,
1776321619710,38.846,
1776321619810,39.769,
1776321619910,39.769,
1776321620010,39.769,
1776321620110,39.769,
1776321620210,39.769,
1776321620310,39.769,
1776321620410,38.846,
1776321620510,38.846,
1776321620610,39.769,
1776321620710,39.769,
1776321620810,39.769,
1776321620910,38.846,
1776321621010,39.769,
1776321621110,38.846,
1776321621210,38.846,
1776321621310,39.769,
1776321621410,38.846,
1776321621510,39.769,
1776321621610,39.769,
1776321621710,38.846,
1776321621810,39.769,
1776321621910,38.846,
1776321622010,39.769,
1776321622110,39.769,
1776321622210,39.769,
1776321622310,39.769,
1776321622410,39.769,
1776321622510,39.769,
1776321622610,39.769,
1776321622710,39.769,
1776321622810,39.769,
1776321622910,38.846,
1776321623010,39.769,
1776321623110,39.769,
1776321623210,39.769,
1776321623310,39.769,
1776321623410,39.769,
1776321623510,39.769,
1776321623610,39.769,
1776321623710,39.769,
1776321623810,39.769,
1776321623910,39.769,
1776321624010,39.769,
1776321624110,39.769,
1776321624210,39.769,
1776321624310,39.769,
1776321624410,39.769,
1776321624510,39.769,
1776321624610,39.769,
1776321624710,39.769,
1776321624810,38.846,
1776321624910,39.769,
1776321625010,38.846,
1776321625110,39.769,
1776321625210,39.769,
1776321625310,39.769,
1776321625410,39.769,
1776321625510,39.769,
1776321625610,39.769,
1776321625710,39.769,
1776321625810,38.846,
1776321625910,39.769,
1776321626010,38.846,
1776321626110,39.769,
1776321626210,38.846,
1776321626310,39.769,
1776321626410,39.769,
1776321626510,39.769,
1776321626610,39.769,
1776321626710,39.769,
1776321626810,39.769,
1776321626910,38.846,
1776321627010,39.769,
1776321627110,38.846,
1776321627210,39.769,
1776321627310,39.769,
1776321627410,39.769,
1776321627510,39.769,
1776321627610,39.769,
1776321627710,39.769,
1776321627810,39.769,
1776321627910,39.769,
1776321628010,39.769,
1776321628110,39.769,
1776321628210,39.769,
1776321628310,39.769,
1776321628410,39.769,
1776321628510,38.846,
1776321628610,39.769,
1776321628710,38.846,
1776321628810,39.769,
1776321628910,38.846,
1776321629010,38.846,
1776321629110,38.846,
1776321629210,38.846,
1776321629310,39.769,
1776321629410,39.769,
1776321629510,39.769,
1776321629610,38.846,
1776321629710,39.769,
1776321629810,39.769,
1776321629910,38.846,
1776321630010,38.846,
1776321630110,39.769,
1776321630210,39.769,
1776321630310,39.769,
1776321630410,39.769,
1776321630510,39.769,
1776321630610,39.769,
1776321630710,39.769,
1776321630810,39.769,
1776321630910,39.769,
1776321631010,39.769,
1776321631110,39.769,
1776321631210,38.846,
1776321631310,39.769,
1776321631410,39.769,
1776321631510,39.769,
1776321631610,38.846,
1776321631710,39.769,
1776321631810,38.846,
1776321631910,39.769,
1776321632010,39.769,
1776321632110,38.846,
1776321632210,39.769,
1776321632310,39.769,
1776321632410,39.769,
1776321632510,39.769,
1776321632610,39.769,
1776321632710,38.846,
1776321632810,39.769,
1776321632910,39.769,
1776321633010,38.846,
1776321633110,39.769,
1776321633210,38.846,
1776321633310,39.769,
1776321633410,39.769,
1776321633510,39.769,
1776321633610,38.846,
1776321633710,38.846,
1776321633810,39.769,
1776321633910,38.846,
1776321634010,39.769,
1776321634110,39.769,
1776321634210,39.769,
1776321634310,39.769,
1776321634410,38.846,
1776321634510,38.846,
1776321634610,39.769,
1776321634710,39.769,
1776321634810,39.769,
1776321634910,38.846,
1776321635010,39.769,
1776321635110,38.846,
1776321635210,38.846,
1776321635310,39.769,
1776321635410,38.846,
1776321635510,39.769,
1776321635610,38.846,
1776321635710,39.769,
1776321635810,38.846,
1776321635910,39.769,
1776321636010,39.769,
1776321636110,39.769,
1776321636210,39.769,
1776321636310,39.769,
1776321636410,38.846,
1776321636510,39.769,
1776321636610,39.769,
1776321636710,38.846,
1776321636810,38.846,
1776321636910,39.769,
1776321637010,39.769,
1776321637110,39.769,
1776321637210,38.846,
1776321637310,39.769,
1776321637410,38.846,
1776321637510,39.769,
1776321637610,39.769,
1776321637710,39.769,
1776321637810,39.769,
1776321637910,39.769,
1776321638010,39.769,
1776321638110,39.769,
1776321638210,39.769,
1776321638310,39.769,
1776321638410,39.769,
1776321638510,39.769,
1776321638610,39.769,
1776321638710,39.769,
1776321638810,39.769,
1776321638910,38.846,
1776321639010,39.769,
1776321639110,39.769,
1776321639210,39.769,
1776321639310,39.769,
1776321639410,39.769,
1776321639510,39.769,
1776321639610,39.769,
1776321639710,39.769,
1776321639810,39.769,
1776321639910,39.769,
1776321640010,39.769,
1776321640110,38.846,
1776321640210,39.769,
1776321640310,39.769,
1776321640410,38.846,
1776321640510,39.769,
1776321640610,39.769,
1776321640710,38.846,
1776321640810,38.846,
1776321640910,38.846,
1776321641010,39.769,
1776321641110,39.769,
1776321641210,39.769,
1776321641310,39.769,
1776321641410,39.769,
1776321641510,38.846,
1776321641610,39.769,
1776321641710,39.769,
1776321641810,39.769,
1776321641910,38.846,
1776321642010,38.846,
1776321642110,39.769,
1776321642210,39.769,
1776321642310,39.769,
1776321642410,39.769,
1776321642510,39.769,
1776321642610,38.846,
1776321642710,39.769,
1776321642810,38.846,
1776321642910,38.846,
1776321643010,39.769,
1776321643110,39.769,
1776321643210,38.846,
1776321643310,38.846,
1776321643410,38.846,
1776321643510,38.846,
1776321643610,38.846,
1776321643710,39.769,
1776321643810,39.769,
1776321643910,39.769,
1776321644010,39.769,
1776321644110,39.769,
1776321644210,38.846,
1776321644310,39.769,
1776321644410,39.769,
1776321644510,39.769,
1776321644610,39.769,
1776321644710,38.846,
1776321644810,39.769,
1776321644910,39.769,
1776321645010,38.846,
1776321645110,38.846,
1776321645210,39.769,
1776321645310,39.769,
1776321645410,38.846,
1776321645510,39.769,
1776321645610,39.769,
1776321645710,39.769,
1776321645810,39.769,
1776321645910,38.846,
1776321646010,39.769,
1776321646110,39.769,
1776321646210,38.846,
1776321646310,39.769,
1776321646410,39.769,
1776321646510,39.769,
1776321646610,39.769,
1776321646710,39.769,
1776321646810,38.846,
1776321646910,38.846,
1776321647010,39.769,
1776321647110,39.769,
1776321647210,39.769,
1776321647310,39.769,
1776321647410,39.769,
1776321647510,39.769,
1776321647610,39.769,
1776321647710,39.769,
1776321647810,39.769,
1776321647910,39.769,
1776321648010,39.769,
1776321648110,38.846,
1776321648210,39.769,
1776321648310,39.769,
1776321648410,39.769,
1776321648510,39.769,
1776321648610,38.846,
1776321648710,39.769,
1776321648810,39.769,
1776321648910,38.846,
1776321649010,39.769,
1776321649110,39.769,
1776321649210,39.769,
1776321649310,39.769,
1776321649410,39.769,
1776321649510,39.769,
1776321649610,38.846,
1776321649710,38.846,
1776321649810,39.769,
1776321649910,39.769,
1776321650010,39.769,
1776321650110,38.846,
1776321650210,38.846,
1776321650310,39.769,
1776321650410,39.769,
1776321650510,38.846,
1776321650610,39.769,
1776321650710,39.769,
1776321650810,39.769,
1776321650910,39.769,
1776321651010,39.769,
1776321651110,39.769,
1776321651210,39.769,
1776321651310,39.769,
1776321651410,39.769,
1776321651510,39.769,
1776321651610,39.769,
1776321651710,39.769,
1776321651810,39.769,
1776321651910,39.769,
1776321652010,39.769,
1776321652110,39.769,
1776321652210,39.769,
1776321652310,39.769,
1776321652410,39.769,
1776321652510,39.769,
1776321652610,39.769,
1776321652710,39.769,
1776321652810,39.769,
1776321652910,39.769,
1776321653010,39.769,
1776321653110,39.769,
1776321653210,39.769,
1776321653310,39.769,
1776321653410,39.769,
1776321653510,39.769,
1776321653610,39.769,
1776321653710,39.769,
1776321653810,39.769,
1776321653910,39.769,
1776321654010,39.769,
1776321654110,39.769,
1776321654210,39.769,
1776321654310,39.769,
1776321654410,39.769,
1776321654510,38.846,
1776321654610,39.769,
1776321654710,39.769,
1776321654810,38.846,
1776321654910,38.846,
1776321655010,39.769,
1776321655110,39.769,
1776321655210,39.769,
1776321655310,39.769,
1776321655410,39.769,
1776321655510,39.769,
1776321655610,39.769,
1776321655710,39.769,
1776321655810,39.769,
1776321655910,39.769,
1776321656010,39.769,
1776321656110,39.769,
1776321656210,39.769,
1776321656310,39.769,
1776321656410,39.769,
1776321656510,39.769,
1776321656610,39.769,
1776321656710,39.769,
1776321656810,39.769,
1776321656910,39.769,
1776321657010,39.769,
1776321657110,38.846,
1776321657210,39.769,
1776321657310,39.769,
1776321657410,39.769,
1776321657510,39.769,
1776321657610,39.769,
1776321657710,39.769,
1776321657810,39.769,
1776321657910,38.846,
1776321658010,39.769,
1776321658110,39.769,
1776321658210,39.769,
1776321658310,39.769,
1776321658410,39.769,
1776321658510,39.769,
1776321658610,39.769,
1776321658710,39.769,
1776321658810,39.769,
1776321658910,39.769,
1776321659010,39.769,
1776321659110,39.769,
1776321659210,39.769,
1776321659310,39.769,
1776321659410,39.769,
1776321659510,38.846,
1776321659610,39.769,
1776321659710,39.769,
1776321659810,39.769,
1776321659910,38.846,
1776321660010,38.846,
1776321660110,39.769,
1776321660210,39.769,
1776321660310,39.769,
1776321660410,39.769,
1776321660510,39.769,
1776321660610,39.769,
1776321660710,39.769,
1776321660810,39.769,
1776321660910,39.769,
1776321661010,39.769,
1776321661110,39.769,
1776321661210,39.769,
1776321661310,38.846,
1776321661410,39.769,
1776321661510,39.769,
1776321661610,39.769,
1776321661710,39.769,
1776321661810,39.769,
1776321661910,39.769,
1776321662010,39.769,
1776321662110,39.769,
1776321662210,39.769,
1776321662310,39.769,
1776321662410,39.769,
1776321662510,39.769,
1776321662610,39.769,
1776321662710,39.769,
1776321662810,39.769,
1776321662910,39.769,
1776321663010,39.769,
1776321663110,39.769,
1776321663210,39.769,
1776321663310,39.769,
1776321663410,39.769,
1776321663510,39.769,
1776321663610,38.846,
1776321663710,39.769,
1776321663810,39.769,
1776321663910,38.846,
1776321664010,39.769,
1776321664110,39.769,
1776321664210,39.769,
1776321664310,39.769,
1776321664410,38.846,
1776321664510,39.769,
1776321664610,38.846,
1776321664710,39.769,
1776321664810,39.769,
1776321664910,39.769,
1776321665010,39.769,
1776321665110,39.769,
1776321665210,39.769,
1776321665310,39.769,
1776321665410,38.846,
1776321665510,38.846,
1776321665610,39.769,
1776321665710,38.846,
1776321665810,39.769,
1776321665910,38.846,
1776321666010,39.769,
1776321666110,39.769,
1776321666210,39.769,
1776321666310,38.846,
1776321666410,39.769,
1776321666510,39.769,
1776321666610,39.769,
1776321666710,38.846,
1776321666810,39.769,
1776321666910,39.769,
1776321667010,39.769,
1776321667110,39.769,
1776321667210,39.769,
1776321667310,39.769,
1776321667410,39.769,
1776321667510,39.769,
1776321667610,38.846,
1776321667710,39.769,
1776321667810,39.769,
1776321667910,39.769,
1776321668010,38.846,
1776321668110,39.769,
1776321668210,39.769,
1776321668310,38.846,
1776321668410,39.769,
1776321668510,39.769,
1776321668610,39.769,
1776321668710,39.769,
1776321668810,39.769,
1776321668910,39.769,
1776321669010,39.769,
1776321669110,39.769,
1776321669210,39.769,
1776321669310,39.769,
1776321669410,39.769,
1776321669510,39.769,
1776321669610,39.769,
1776321669710,39.769,
1776321669810,39.769,
1776321669910,39.769,
1776321670010,39.769,
1776321670110,39.769,
1776321670210,39.769,
1776321670310,39.769,
1776321670410,39.769,
1776321670510,39.769,
1776321670610,39.769,
1776321670710,39.769,
1776321670810,39.769,
1776321670910,39.769,
1776321671010,39.769,
1776321671110,39.769,
1776321671210,39.769,
1776321671310,39.769,
1776321671410,39.769,
1776321671510,39.769,
1776321671610,39.769,
1776321671710,39.769,
1776321671810,39.769,
1776321671910,39.769,
1776321672010,39.769,
1776321672110,39.769,
1776321672210,39.769,
1776321672310,39.769,
1776321672410,39.769,
1776321672510,39.769,
1776321672610,39.769,
1776321672710,39.769,
1776321672810,39.769,
1776321672910,39.769,
1776321673010,39.769,
1776321673110,39.769,
1776321673210,39.769,
1776321673310,39.769,
1776321673410,39.769,
1776321673510,39.769,
1776321673610,39.769,
1776321673710,39.769,
1776321673810,39.769,
1776321673910,39.769,
1776321674010,39.769,
1776321674110,39.769,
1776321674210,39.769,
1776321674310,39.769,
1776321674410,39.769,
1776321674510,39.769,
1776321674610,39.769,
1776321674710,39.769,
1776321674810,39.769,
1776321674910,38.846,
1776321675010,39.769,
1776321675110,39.769,
1776321675210,39.769,
1776321675310,39.769,
1776321675410,38.846,
1776321675510,39.769,
1776321675610,39.769,
1776321675710,39.769,
1776321675810,39.769,
1776321675910,39.769,
1776321676010,38.846,
1776321676110,39.769,
1776321676210,38.846,
1776321676310,39.769,
1776321676410,39.769,
1776321676510,39.769,
1776321676610,38.846,
1776321676710,39.769,
1776321676810,39.769,
1776321676910,39.769,
1776321677010,39.769,
1776321677110,39.769,
1776321677210,39.769,
1776321677310,39.769,
1776321677410,39.769,
1776321677510,39.769,
1776321677610,39.769,
1776321677710,39.769,
1776321677810,39.769,
1776321677910,39.769,
1776321678010,39.769,
1776321678110,39.769,
1776321678210,39.769,
1776321678310,39.769,
1776321678410,39.769,
1776321678510,39.769,
1776321678610,39.769,
1776321678710,39.769,
1776321678810,39.769,
1776321678910,39.769,
1776321679010,39.769,
1776321679110,39.769,
1776321679210,39.769,
1776321679310,39.769,
1776321679410,39.769,
1776321679510,39.769,
1776321679610,39.769,
1776321679710,39.769,
1776321679810,39.769,
1776321679910,39.769,
1776321680010,39.769,
1776321680110,39.769,
1776321680210,39.769,
1776321680310,39.769,
1776321680410,39.769,
1776321680510,39.769,
1776321680610,39.769,
1776321680710,39.769,
1776321680810,39.769,
1776321680910,39.769,
1776321681010,39.769,
1776321681110,39.769,
1776321681210,39.769,
1776321681310,39.769,
1776321681410,39.769,
1776321681510,39.769,
1776321681610,39.769,
1776321681710,39.769,
1776321681810,39.769,
1776321681910,39.769,
1776321682010,39.769,
1776321682110,39.769,
1776321682210,39.769,
1776321682310,39.769,
1776321682410,39.769,
1776321682510,39.769,
1776321682610,39.769,
1776321682710,39.769,
1776321682810,38.846,
1776321682910,39.769,
1776321683010,39.769,
1776321683110,39.769,
1776321683210,39.769,
1776321683310,39.769,
1776321683410,39.769,
1776321683510,39.769,
1776321683610,39.769,
1776321683710,39.769,
1776321683810,39.769,
1776321683910,39.769,
1776321684010,39.769,
1776321684110,39.769,
1776321684210,39.769,
1776321684310,39.769,
1776321684410,39.769,
1776321684510,39.769,
1776321684610,39.769,
1776321684710,39.769,
1776321684810,39.769,
1776321684910,39.769,
1776321685010,39.769,
1776321685110,39.769,
1776321685210,39.769,
1776321685310,39.769,
1776321685410,39.769,
1776321685510,39.769,
1776321685610,39.769,
1776321685710,39.769,
1776321685810,39.769,
1776321685910,39.769,
1776321686010,39.769,
1776321686110,39.769,
1776321686210,39.769,
1776321686310,39.769,
1776321686410,39.769,
1776321686510,39.769,
1776321686610,39.769,
1776321686710,39.769,
1776321686810,39.769,
1776321686910,39.769,
1776321687010,39.769,
1776321687110,39.769,
1776321687210,39.769,
1776321687310,39.769,
1776321687410,39.769,
1776321687510,39.769,
1776321687610,39.769,
1776321687710,39.769,
1776321687810,39.769,
1776321687910,39.769,
1776321688010,39.769,
1776321688110,39.769,
1776321688210,39.769,
1776321688310,39.769,
1776321688410,39.769,
1776321688510,39.769,
1776321688610,39.769,
1776321688710,39.769,
1776321688810,39.769,
1776321688910,39.769,
1776321689010,39.769,
1776321689110,39.769,
1776321689210,39.769,
1776321689310,39.769,
1776321689410,39.769,
1776321689510,39.769,
1776321689610,39.769,
1776321689710,39.769,
1776321689810,39.769,
1776321689910,39.769,
1776321690010,39.769,
1776321690110,39.769,
1776321690210,39.769,
1776321690310,39.769,
1776321690410,39.769,
1776321690510,39.769,
1776321690610,39.769,
1776321690710,39.769,
1776321690810,39.769,
1776321690910,39.769,
1776321691010,39.769,
1776321691110,39.769,
1776321691210,39.769,
1776321691310,39.769,
1776321691410,39.769,
1776321691510,39.769,
1776321691610,39.769,
1776321691710,39.769,
1776321691810,39.769,
1776321691910,39.769,
1776321692010,39.769,
1776321692110,39.769,
1776321692210,39.769,
1776321692310,39.769,
1776321692410,39.769,
1776321692510,39.769,
1776321692610,39.769,
1776321692710,39.769,
1776321692810,39.769,
1776321692910,39.769,
1776321693010,39.769,
1776321693110,39.769,
1776321693210,39.769,
1776321693310,39.769,
1776321693410,39.769,
1776321693510,39.769,
1776321693610,39.769,
1776321693710,39.769,
1776321693810,39.769,
1776321693910,39.769,
1776321694010,39.769,
1776321694110,39.769,
1776321694210,39.769,
1776321694310,39.769,
1776321694410,39.769,
1776321694510,39.769,
1776321694610,39.769,
1776321694710,39.769,
1776321694810,38.846,
1776321694910,39.769,
1776321695010,39.769,
1776321695110,39.769,
1776321695210,39.769,
1776321695310,38.846,
1776321695410,39.769,
1776321695510,39.769,
1776321695610,39.769,
1776321695710,39.769,
1776321695810,39.769,
1776321695910,39.769,
1776321696010,39.769,
1776321696110,39.769,
1776321696210,39.769,
1776321696310,39.769,
1776321696410,39.769,
1776321696510,39.769,
1776321696610,39.769,
1776321696710,39.769,
1776321696810,39.769,
1776321696910,39.769,
1776321697010,39.769,
1776321697110,39.769,
1776321697210,39.769,
1776321697310,39.769,
1776321697410,39.769,
1776321697510,39.769,
1776321697610,39.769,
1776321697710,39.769,
1776321697810,39.769,
1776321697910,39.769,
1776321698010,39.769,
1776321698110,39.769,
1776321698210,39.769,
1776321698310,39.769,
1776321698410,39.769,
1776321698510,39.769,
1776321698610,39.769,
1776321698710,39.769,
1776321698810,39.769,
1776321698910,39.769,
1776321699010,39.769,
1776321699110,39.769,
1776321699210,39.769,
1776321699310,38.846,
1776321699410,39.769,
1776321699510,39.769,
1776321699610,39.769,
1776321699710,39.769,
1776321699810,39.769,
1776321699910,39.769,
1776321700010,39.769,
1776321700110,39.769,
1776321700210,39.769,
1776321700310,39.769,
1776321700410,39.769,
1776321700510,39.769,
1776321700610,39.769,
1776321700710,39.769,
1776321700810,39.769,
1776321700910,39.769,
1776321701010,39.769,
1776321701110,39.769,
1776321701210,39.769,
1776321701310,39.769,
1776321701410,39.769,
1776321701510,39.769,
1776321701610,39.769,
1776321701710,39.769,
1776321701810,39.769,
1776321701910,39.769,
1776321702010,39.769,
1776321702110,39.769,
1776321702210,39.769,
1776321702310,39.769,
1776321702410,39.769,
1776321702510,39.769,
1776321702610,39.769,
1776321702710,39.769,
1776321702810,39.769,
1776321702910,39.769,
1776321703010,39.769,
1776321703110,39.769,
1776321703210,39.769,
1776321703310,39.769,
1776321703410,39.769,
1776321703510,39.769,
1776321703610,39.769,
1776321703710,39.769,
1776321703810,39.769,
1776321703910,39.769,
1776321704010,39.769,
1776321704110,39.769,
1776321704210,39.769,
1776321704310,39.769,
1776321704410,39.769,
1776321704510,39.769,
1776321704610,39.769,
1776321704710,39.769,
1776321704810,39.769,
1776321704910,39.769,
1776321705010,39.769,
1776321705110,39.769,
1776321705210,39.769,
1776321705310,39.769,
1776321705410,39.769,
1776321705510,39.769,
1776321705610,39.769,
1776321705710,39.769,
1776321705810,39.769,
1776321705910,39.769,
1776321706010,39.769,
1776321706110,39.769,
1776321706210,39.769,
1776321706310,39.769,
1776321706410,39.769,
1776321706510,39.769,
1776321706610,39.769,
1776321706710,39.769,
1776321706810,39.769,
1776321706910,39.769,
1776321707010,39.769,
1776321707110,39.769,
1776321707210,39.769,
1776321707310,39.769,
1776321707410,39.769,
1776321707510,39.769,
1776321707610,39.769,
1776321707710,39.769,
1776321707810,39.769,
1776321707910,39.769,
1776321708010,39.769,
1776321708110,39.769,
1776321708210,39.769,
1776321708310,39.769,
1776321708410,39.769,
1776321708510,39.769,
1776321708610,39.769,
1776321708710,39.769,
1776321708810,39.769,
1776321708910,39.769,
1776321709010,39.769,
1776321709110,39.769,
1776321709210,39.769,
1776321709310,39.769,
1776321709410,39.769,
1776321709510,39.769,
1776321709610,39.769,
1776321709710,39.769,
1776321709810,39.769,
1776321709910,39.769,
1776321710010,39.769,
1776321710110,39.769,
1776321710210,39.769,
1776321710310,39.769,
1776321710410,39.769,
1776321710510,39.769,
1776321710610,39.769,
1776321710710,39.769,
1776321710810,39.769,
1776321710910,39.769,
1776321711010,39.769,
1776321711110,39.769,
1776321711210,39.769,
1776321711310,39.769,
1776321711410,39.769,
1776321711510,39.769,
1776321711610,39.769,
1776321711710,39.769,
1776321711810,39.769,
1776321711910,39.769,
1776321712010,39.769,
1776321712110,39.769,
1776321712210,39.769,
1776321712310,39.769,
1776321712410,39.769,
1776321712510,39.769,
1776321712610,39.769,
1776321712710,39.769,
1776321712810,39.769,
1776321712910,39.769,
1776321713010,39.769,
1776321713110,39.769,
1776321713210,39.769,
1776321713310,39.769,
1776321713410,39.769,
1776321713510,39.769,
1776321713610,39.769,
1776321713710,39.769,
1776321713810,39.769,
1776321713910,39.769,
1776321714010,39.769,
1776321714110,39.769,
1776321714210,39.769,
1776321714310,39.769,
1776321714410,39.769,
1776321714510,39.769,
1776321714610,39.769,
1776321714710,39.769,
1776321714810,39.769,
1776321714910,39.769,
1776321715010,39.769,
1776321715110,39.769,
1776321715210,39.769,
1776321715310,39.769,
1776321715410,39.769,
1776321715510,39.769,
1776321715610,39.769,
1776321715710,39.769,
1776321715810,39.769,
1776321715910,39.769,
1776321716010,39.769,
1776321716110,39.769,
1776321716210,39.769,
1776321716310,39.769,
1776321716410,39.769,
1776321716510,39.769,
1776321716610,39.769,
1776321716710,39.769,
1776321716810,39.769,
1776321716910,39.769,
1776321717010,39.769,
1776321717110,39.769,
1776321717210,39.769,
1776321717310,39.769,
1776321717410,39.769,
1776321717510,39.769,
1776321717610,39.769,
1776321717710,39.769,
1776321717810,39.769,
1776321717910,39.769,
1776321718010,39.769,
1776321718110,39.769,
1776321718210,39.769,
1776321718310,39.769,
1776321718410,39.769,
1776321718510,39.769,
1776321718610,39.769,
1776321718710,39.769,
1776321718810,39.769,
1776321718910,39.769,
1776321719010,39.769,
1776321719110,39.769,
1776321719210,39.769,
1776321719310,39.769,
1776321719410,39.769,
1776321719510,39.769,
1776321719610,39.769,
1776321719710,39.769,
1776321719810,39.769,
1776321719910,39.769,
1776321720010,39.769,
1776321720110,39.769,
1776321720210,39.769,
1776321720310,39.769,
1776321720410,39.769,
1776321720510,39.769,
1776321720610,39.769,
1776321720710,39.769,
1776321720810,39.769,
1776321720910,39.769,
1776321721010,39.769,
1776321721110,39.769,
1776321721210,39.769,
1776321721310,39.769,
1776321721410,39.769,
1776321721510,39.769,
1776321721610,39.769,
1776321721710,39.769,
1776321721810,39.769,
1776321721910,39.769,
1776321722010,39.769,
1776321722110,39.769,
1776321722210,39.769,
1776321722310,39.769,
1776321722410,39.769,
1776321722510,39.769,
1776321722610,39.769,
1776321722710,39.769,
1776321722810,39.769,
1776321722910,39.769,
1776321723010,39.769,
1776321723110,39.769,
1776321723210,39.769,
1776321723310,39.769,
1776321723410,39.769,
1776321723510,39.769,
1776321723610,39.769,
1776321723710,39.769,
1776321723810,39.769,
1776321723910,39.769,
1776321724010,39.769,
1776321724110,39.769,
1776321724210,39.769,
1776321724310,39.769,
1776321724410,39.769,
1776321724510,39.769,
1776321724610,39.769,
1776321724710,39.769,
1776321724810,39.769,
1776321724910,39.769,
1776321725010,39.769,
1776321725110,39.769,
1776321725210,39.769,
1776321725310,39.769,
1776321725410,39.769,
1776321725510,39.769,
1776321725610,39.769,
1776321725710,39.769,
1776321725810,39.769,
1776321725910,39.769,
1776321726010,39.769,
1776321726110,39.769,
1776321726210,39.769,
1776321726310,39.769,
1776321726410,39.769,
1776321726510,39.769,
1776321726610,39.769,
1776321726710,39.769,
1776321726810,39.769,
1776321726910,39.769,
1776321727010,39.769,
1776321727110,39.769,
1776321727210,39.769,
1776321727310,39.769,
1776321727410,39.769,
1776321727510,39.769,
1776321727610,39.769,
1776321727710,39.769,
1776321727810,39.769,
1776321727910,39.769,
1776321728010,39.769,
1776321728110,39.769,
1776321728210,39.769,
1776321728310,39.769,
1776321728410,39.769,
1776321728510,39.769,
1776321728610,39.769,
1776321728710,39.769,
1776321728810,39.769,
1776321728910,39.769,
1776321729010,39.769,
1776321729110,39.769,
1776321729210,39.769,
1776321729310,39.769,
1776321729410,39.769,
1776321729510,39.769,
1776321729610,39.769,
1776321729710,39.769,
1776321729810,39.769,
1776321729910,39.769,
1776321730010,39.769,
1776321730110,39.769,
1776321730210,39.769,
1776321730310,39.769,
1776321730410,39.769,
1776321730510,39.769,
1776321730610,39.769,
1776321730710,39.769,
1776321730810,39.769,
1776321730910,39.769,
1776321731010,39.769,
1776321731110,39.769,
1776321731210,39.769,
1776321731310,39.769,
1776321731410,39.769,
1776321731510,39.769,
1776321731610,39.769,
1776321731710,39.769,
1776321731810,39.769,
1776321731910,39.769,
1776321732010,39.769,
1776321732110,39.769,
1776321732210,39.769,
1776321732310,39.769,
1776321732410,39.769,
1776321732510,39.769,
1776321732610,39.769,
1776321732710,39.769,
1776321732810,39.769,
1776321732910,39.769,
1776321733010,39.769,
1776321733110,39.769,
1776321733210,39.769,
1776321733310,39.769,
1776321733410,39.769,
1776321733510,39.769,
1776321733610,39.769,
1776321733710,39.769,
1776321733810,39.769,
1776321733910,39.769,
1776321734010,39.769,
1776321734110,39.769,
1776321734210,39.769,
1776321734310,39.769,
1776321734410,39.769,
1776321734510,39.769,
1776321734610,39.769,
1776321734710,39.769,
1776321734810,39.769,
1776321734910,39.769,
1776321735010,39.769,
1776321735110,39.769,
1776321735210,39.769,
1776321735310,39.769,
1776321735410,39.769,
1776321735510,39.769,
1776321735610,39.769,
1776321735710,39.769,
1776321735810,39.769,
1776321735910,39.769,
1776321736010,39.769,
1776321736110,39.769,
1776321736210,39.769,
1776321736310,39.769,
1776321736410,39.769,
1776321736510,39.769,
1776321736610,39.769,
1776321736710,39.769,
1776321736810,39.769,
1776321736910,39.769,
1776321737010,39.769,
1776321737110,39.769,
1776321737210,39.769,
1776321737310,39.769,
1776321737410,39.769,
1776321737510,39.769,
1776321737610,39.769,
1776321737710,39.769,
1776321737810,39.769,
1776321737910,39.769,
1776321738010,39.769,
1776321738110,39.769,
1776321738210,39.769,
1776321738310,39.769,
1776321738410,39.769,
1776321738510,39.769,
1776321738610,39.769,
1776321738710,39.769,
1776321738810,39.769,
1776321738910,39.769,
1776321739010,39.769,
1776321739110,39.769,
1776321739210,39.769,
1776321739310,39.769,
1776321739410,39.769,
1776321739510,39.769,
1776321739610,39.769,
1776321739710,39.769,
1776321739810,39.769,
1776321739910,39.769,
1776321740010,39.769,
1776321740110,39.769,
1776321740210,39.769,
1776321740310,39.769,
1776321740410,39.769,
1776321740510,39.769,
1776321740610,39.769,
1776321740710,39.769,
1776321740810,39.769,
1776321740910,39.769,
1776321741010,39.769,
1776321741110,39.769,
1776321741210,39.769,
1776321741310,39.769,
1776321741410,39.769,
1776321741510,39.769,
1776321741610,39.769,
1776321741710,39.769,
1776321741810,39.769,
1776321741910,39.769,
1776321742010,39.769,
1776321742110,39.769,
1776321742210,39.769,
1776321742310,39.769,
1776321742410,39.769,
1776321742510,39.769,
1776321742610,39.769,
1776321742710,39.769,
1776321742810,39.769,
1776321742910,39.769,
1776321743010,39.769,
1776321743110,39.769,
1776321743210,39.769,
1776321743310,39.769,
1776321743410,39.769,
1776321743510,39.769,
1776321743610,39.769,
1776321743710,39.769,
1776321743810,39.769,
1776321743910,39.769,
1776321744010,39.769,
1776321744110,39.769,
1776321744210,39.769,
1776321744310,39.769,
1776321744410,39.769,
1776321744510,39.769,
1776321744610,39.769,
1776321744710,39.769,
1776321744810,39.769,
1776321744910,39.769,
1776321745010,39.769,
1776321745110,39.769,
1776321745210,39.769,
1776321745310,39.769,
1776321745410,39.769,
1776321745510,39.769,
1776321745610,39.769,
1776321745710,39.769,
1776321745810,39.769,
1776321745910,39.769,
1776321746010,39.769,
1776321746110,39.769,
1776321746210,39.769,
1776321746310,39.769,
1776321746410,39.769,
1776321746510,39.769,
1776321746610,39.769,
1776321746710,39.769,
1776321746810,39.769,
1776321746910,39.769,
1776321747010,39.769,
1776321747110,39.769,
1776321747210,39.769,
1776321747310,39.769,
1776321747410,39.769,
1776321747510,39.769,
1776321747610,39.769,
1776321747710,39.769,
1776321747810,39.769,
1776321747910,39.769,
1776321748010,39.769,
1776321748110,39.769,
1776321748210,39.769,
1776321748310,39.769,
1776321748410,39.769,
1776321748510,39.769,
1776321748610,39.769,
1776321748710,39.769,
1776321748810,39.769,
1776321748910,39.769,
1776321749010,39.769,
1776321749110,39.769,
1776321749210,39.769,
1776321749310,39.769,
1776321749410,39.769,
1776321749510,39.769,
1776321749610,39.769,
1776321749710,39.769,
1776321749810,39.769,
1776321749910,39.769,
1776321750010,39.769,
1776321750110,39.769,
1776321750210,39.769,
1776321750310,39.769,
1776321750410,39.769,
1776321750510,39.769,
1776321750610,39.769,
1776321750710,39.769,
1776321750810,39.769,
1776321750910,39.769,
1776321751010,39.769,
1776321751110,39.769,
1776321751210,39.769,
1776321751310,39.769,
1776321751410,39.769,
1776321751510,39.769,
1776321751610,39.769,
1776321751710,39.769,
1776321751810,39.769,
1776321751910,39.769,
1776321752010,39.769,
1776321752110,39.769,
1776321752210,39.769,
1776321752310,39.769,
1776321752410,39.769,
1776321752510,39.769,
1776321752610,39.769,
1776321752710,39.769,
1776321752810,39.769,
1776321752910,39.769,
1776321753010,39.769,
1776321753110,39.769,
1776321753210,39.769,
1776321753310,39.769,
1776321753410,39.769,
1776321753510,39.769,
1776321753610,39.769,
1776321753710,39.769,
1776321753810,39.769,
1776321753910,39.769,
1776321754010,39.769,
1776321754110,39.769,
1776321754210,39.769,
1776321754310,39.769,
1776321754410,39.769,
1776321754510,39.769,
1776321754610,39.769,
1776321754710,39.769,
1776321754810,39.769,
1776321754910,39.769,
1776321755010,39.769,
1776321755110,39.769,
1776321755210,39.769,
1776321755310,39.769,
1776321755410,39.769,
1776321755510,39.769,
1776321755610,39.769,
1776321755710,39.769,
1776321755810,39.769,
1776321755910,39.769,
1776321756010,39.769,
1776321756110,39.769,
1776321756210,39.769,
1776321756310,39.769,
1776321756410,39.769,
1776321756510,39.769,
1776321756610,39.769,
1776321756710,39.769,
1776321756810,39.769,
1776321756910,39.769,
1776321757010,39.769,
1776321757110,39.769,
1776321757210,39.769,
1776321757310,39.769,
1776321757410,39.769,
1776321757510,39.769,
1776321757610,39.769,
1776321757710,39.769,
1776321757810,39.769,
1776321757910,39.769,
1776321758010,39.769,
1776321758110,39.769,
1776321758210,39.769,
1776321758310,39.769,
1776321758410,39.769,
1776321758510,39.769,
1776321758610,39.769,
1776321758710,39.769,
1776321758810,39.769,
1776321758910,39.769,
1776321759010,39.769,
1776321759110,39.769,
1776321759210,39.769,
1776321759310,39.769,
1776321759410,39.769,
1776321759510,39.769,
1776321759610,39.769,
1776321759710,39.769,
1776321759810,39.769,
1776321759910,39.769,
1776321760010,39.769,
1776321760110,39.769,
1776321760210,39.769,
1776321760310,39.769,
1776321760410,39.769,
1776321760510,39.769,
1776321760610,39.769,
1776321760710,39.769,
1776321760810,39.769,
1776321760910,39.769,
1776321761010,39.769,
1776321761110,39.769,
1776321761210,39.769,
1776321761310,39.769,
1776321761410,39.769,
1776321761510,39.769,
1776321761610,39.769,
1776321761710,39.769,
1776321761810,39.769,
1776321761910,39.769,
1776321762010,39.769,
1776321762110,39.769,
1776321762210,39.769,
1776321762310,39.769,
1776321762410,39.769,
1776321762510,39.769,
1776321762610,39.769,
1776321762710,39.769,
1776321762810,39.769,
1776321762910,39.769,
1776321763010,39.769,
1776321763110,39.769,
1776321763210,39.769,
1776321763310,39.769,
1776321763410,39.769,
1776321763510,39.769,
1776321763610,39.769,
1776321763710,39.769,
1776321763810,39.769,
1776321763910,39.769,
1776321764010,39.769,
1776321764110,39.769,
1776321764210,39.769,
1776321764310,39.769,
1776321764410,39.769,
1776321764510,39.769,
1776321764610,39.769,
1776321764710,39.769,
1776321764810,39.769,
1776321764910,39.769,
1776321765010,39.769,
1776321765110,39.769,
1776321765210,39.769,
1776321765310,39.769,
1776321765410,39.769,
1776321765510,39.769,
1776321765610,39.769,
1776321765710,39.769,
1776321765810,39.769,
1776321765910,39.769,
1776321766010,39.769,
1776321766110,39.769,
1776321766210,39.769,
1776321766310,39.769,
1776321766410,39.769,
1776321766510,39.769,
1776321766610,39.769,
1776321766710,39.769,
1776321766810,39.769,
1776321766910,39.769,
1776321767010,39.769,
1776321767110,39.769,
1776321767210,39.769,
1776321767310,39.769,
1776321767410,39.769,
1776321767510,39.769,
1776321767610,39.769,
1776321767710,39.769,
1776321767810,39.769,
1776321767910,39.769,
1776321768010,39.769,
1776321768110,39.769,
1776321768210,39.769,
1776321768310,39.769,
1776321768410,39.769,
1776321768510,39.769,
1776321768610,39.769,
1776321768710,39.769,
1776321768810,39.769,
1776321768910,39.769,
1776321769010,39.769,
1776321769110,39.769,
1776321769210,39.769,
1776321769310,39.769,
1776321769410,39.769,
1776321769510,39.769,
1776321769610,39.769,
1776321769710,39.769,
1776321769810,39.769,
1776321769910,39.769,
1776321770010,39.769,
1776321770110,39.769,
1776321770210,39.769,
1776321770310,39.769,
1776321770410,39.769,
1776321770510,39.769,
1776321770610,39.769,
1776321770710,39.769,
1776321770810,39.769,
1776321770910,39.769,
1776321771010,39.769,
1776321771110,39.769,
1776321771210,39.769,
1776321771310,39.769,
1776321771410,39.769,
1776321771510,39.769,
1776321771610,39.769,
1776321771710,39.769,
1776321771810,39.769,
1776321771910,39.769,
1776321772010,39.769,
1776321772110,39.769,
1776321772210,39.769,
1776321772310,39.769,
1776321772410,39.769,
1776321772510,39.769,
1776321772610,39.769,
1776321772710,39.769,
1776321772810,39.769,
1776321772910,39.769,
1776321773010,39.769,
1776321773110,39.769,
1776321773210,39.769,
1776321773310,39.769,
1776321773410,39.769,
1776321773510,39.769,
1776321773610,39.769,
1776321773710,39.769,
1776321773810,39.769,
1776321773910,39.769,
1776321774010,39.769,
1776321774110,39.769,
1776321774210,39.769,
1776321774310,39.769,
1776321774410,39.769,
1776321774510,39.769,
1776321774610,39.769,
1776321774710,39.769,
1776321774810,39.769,
1776321774910,39.769,
1776321775010,39.769,
1776321775110,39.769,
1776321775210,39.769,
1776321775310,39.769,
1776321775410,39.769,
1776321775510,39.769,
1776321775610,39.769,
1776321775710,39.769,
1776321775810,39.769,
1776321775910,39.769,
1776321776010,39.769,
1776321776110,39.769,
1776321776210,39.769,
1776321776310,39.769,
1776321776410,39.769,
1776321776510,39.769,
1776321776610,39.769,
1776321776710,39.769,
1776321776810,39.769,
1776321776910,39.769,
1776321777010,39.769,
1776321777110,39.769,
1776321777210,39.769,
1776321777310,39.769,
1776321777410,39.769,
1776321777510,39.769,
1776321777610,39.769,
1776321777710,39.769,
1776321777810,39.769,
1776321777910,39.769,
1776321778010,39.769,
1776321778110,39.769,
1776321778210,39.769,
1776321778310,39.769,
1776321778410,39.769,
1776321778510,39.769,
1776321778610,39.769,
1776321778710,39.769,
1776321778810,39.769,
1776321778910,39.769,
1776321779010,39.769,
1776321779110,39.769,
1776321779210,39.769,
1776321779310,39.769,
1776321779410,39.769,
1776321779510,39.769,
1776321779610,39.769,
1776321779710,39.769,
1776321779810,39.769,
1776321779910,39.769,
1776321780010,39.769,
1776321780110,39.769,
1776321780210,39.769,
1776321780310,39.769,
1776321780410,39.769,
1776321780510,39.769,
1776321780610,39.769,
1776321780710,39.769,
1776321780810,39.769,
1776321780910,39.769,
1776321781010,39.769,
1776321781110,39.769,
1776321781210,39.769,
1776321781310,39.769,
1776321781410,39.769,
1776321781510,39.769,
1776321781610,39.769,
1776321781710,39.769,
1776321781810,39.769,
1776321781910,39.769,
1776321782010,39.769,
1776321782110,39.769,
1776321782210,39.769,
1776321782310,39.769,
1776321782410,39.769,
1776321782510,39.769,
1776321782610,39.769,
1776321782710,39.769,
1776321782810,39.769,
1776321782910,39.769,
1776321783010,39.769,
1776321783110,39.769,
1776321783210,39.769,
1776321783310,39.769,
1776321783410,39.769,
1776321783510,39.769,
1776321783610,39.769,
1776321783710,39.769,
1776321783810,39.769,
1776321783910,39.769,
1776321784010,39.769,
1776321784110,39.769,
1776321784210,39.769,
1776321784310,39.769,
1776321784410,39.769,
1776321784510,39.769,
1776321784610,39.769,
1776321784710,39.769,
1776321784810,39.769,
1776321784910,39.769,
1776321785010,39.769,
1776321785110,39.769,
1776321785210,39.769,
1776321785310,39.769,
1776321785410,39.769,
1776321785510,39.769,
1776321785610,39.769,
1776321785710,39.769,
1776321785810,39.769,
1776321785910,39.769,
1776321786010,39.769,
1776321786110,39.769,
1776321786210,39.769,
1776321786310,39.769,
1776321786410,39.769,
1776321786510,39.769,
1776321786610,39.769,
1776321786710,39.769,
1776321786810,39.769,
1776321786910,39.769,
1776321787010,39.769,
1776321787110,39.769,
1776321787210,39.769,
1776321787310,39.769,
1776321787410,39.769,
1776321787510,39.769,
1776321787610,39.769,
1776321787710,39.769,
1776321787810,39.769,
1776321787910,39.769,
1776321788010,39.769,
1776321788110,39.769,
1776321788210,39.769,
1776321788310,39.769,
1776321788410,39.769,
1776321788510,39.769,
1776321788610,39.769,
1776321788710,39.769,
1776321788810,39.769,
1776321788910,39.769,
1776321789010,39.769,
1776321789110,39.769,
1776321789210,39.769,
1776321789310,39.769,
1776321789410,39.769,
1776321789510,39.769,
1776321789610,39.769,
1776321789710,39.769,
1776321789810,39.769,
1776321789910,39.769,
1776321790010,39.769,
1776321790110,39.769,
1776321790210,39.769,
1776321790310,39.769,
1776321790410,39.769,
1776321790510,39.769,
1776321790610,39.769,
1776321790710,39.769,
1776321790810,39.769,
1776321790910,39.769,
1776321791010,39.769,
1776321791110,39.769,
1776321791210,39.769,
1776321791310,39.769,
1776321791410,39.769,
1776321791510,39.769,
1776321791610,39.769,
1776321791710,39.769,
1776321791810,39.769,
1776321791910,39.769,
1776321792010,39.769,
1776321792110,39.769,
1776321792210,39.769,
1776321792310,39.769,
1776321792410,39.769,
1776321792510,39.769,
1776321792610,39.769,
1776321792710,39.769,
1776321792810,39.769,
1776321792910,39.769,
1776321793010,39.769,
1776321793110,39.769,
1776321793210,39.769,
1776321793310,39.769,
1776321793410,39.769,
1776321793510,39.769,
1776321793610,39.769,
1776321793710,39.769,
1776321793810,39.769,
1776321793910,39.769,
1776321794010,39.769,
1776321794110,39.769,
1776321794210,39.769,
1776321794310,39.769,
1776321794410,39.769,
1776321794510,39.769,
1776321794610,39.769,
1776321794710,39.769,
1776321794810,39.769,
1776321794910,39.769,
1776321795010,39.769,
1776321795110,39.769,
1776321795210,39.769,
1776321795310,39.769,
1776321795410,39.769,
1776321795510,39.769,
1776321795610,39.769,
1776321795710,39.769,
1776321795810,39.769,
1776321795910,39.769,
1776321796010,39.769,
1776321796110,39.769,
1776321796210,39.769,
1776321796310,39.769,
1776321796410,39.769,
1776321796510,39.769,
1776321796610,39.769,
1776321796710,39.769,
1776321796810,39.769,
1776321796910,39.769,
1776321797010,39.769,
1776321797110,39.769,
1776321797210,39.769,
1776321797310,39.769,
1776321797410,39.769,
1776321797510,39.769,
1776321797610,39.769,
1776321797710,39.769,
1776321797810,39.769,
1776321797910,39.769,
1776321798010,39.769,
1776321798110,39.769,
1776321798210,39.769,
1776321798310,39.769,
1776321798410,39.769,
1776321798510,39.769,
1776321798610,39.769,
1776321798710,39.769,
1776321798810,39.769,
1776321798910,39.769,
1776321799010,39.769,
1776321799110,39.769,
1776321799210,39.769,
1776321799310,39.769,
1776321799410,39.769,
1776321799510,39.769,
1776321799610,39.769,
1776321799710,39.769,
1776321799810,39.769,
1776321799910,39.769,
1776321800010,39.769,
1776321800110,39.769,
1776321800210,39.769,
1776321800310,39.769,
1776321800410,39.769,
1776321800510,39.769,
1776321800610,39.769,
1776321800710,39.769,
1776321800810,39.769,
1776321800910,39.769,
1776321801010,39.769,
1776321801110,39.769,
1776321801210,39.769,
1776321801310,39.769,
1776321801410,39.769,
1776321801510,39.769,
1776321801610,39.769,
1776321801710,39.769,
1776321801810,39.769,
1776321801910,39.769,
1776321802010,39.769,
1776321802110,39.769,
1776321802210,39.769,
1776321802310,39.769,
1776321802410,39.769,
1776321802510,39.769,
1776321802610,39.769,
1776321802710,39.769,
1776321802810,39.769,
1776321802910,39.769,
1776321803010,39.769,
1776321803110,39.769,
1776321803210,39.769,
1776321803310,39.769,
1776321803410,39.769,
1776321803510,39.769,
1776321803610,39.769,
1776321803710,39.769,
1776321803810,39.769,
1776321803910,39.769,
1776321804010,39.769,
1776321804110,39.769,
1776321804210,39.769,
1776321804310,39.769,
1776321804410,39.769,
1776321804510,39.769,
1776321804610,39.769,
1776321804710,39.769,
1776321804810,39.769,
1776321804910,39.769,
1776321805010,39.769,
1776321805110,39.769,
1776321805210,39.769,
1776321805310,39.769,
1776321805410,39.769,
1776321805510,39.769,
1776321805610,39.769,
1776321805710,39.769,
1776321805810,39.769,
1776321805910,39.769,
1776321806010,39.769,
1776321806110,39.769,
1776321806210,39.769,
1776321806310,39.769,
1776321806410,39.769,
1776321806510,39.769,
1776321806610,39.769,
1776321806710,39.769,
1776321806810,39.769,
1776321806910,39.769,
1776321807010,39.769,
1776321807110,39.769,
1776321807210,39.769,
1776321807310,39.769,
1776321807410,39.769,
1776321807510,39.769,
1776321807610,39.769,
1776321807710,39.769,
1776321807810,39.769,
1776321807910,39.769,
1776321808010,39.769,
1776321808110,39.769,
1776321808210,39.769,
1776321808310,39.769,
1776321808410,39.769,
1776321808510,39.769,
1776321808610,39.769,
1776321808710,39.769,
1776321808810,39.769,
1776321808910,39.769,
1776321809010,39.769,
1776321809110,39.769,
1776321809210,39.769,
1776321809310,39.769,
1776321809410,39.769,
1776321809510,39.769,
1776321809610,39.769,
1776321809710,39.769,
1776321809810,39.769,
1776321809910,39.769,
1776321810010,39.769,
1776321810110,39.769,
1776321810210,39.769,
1776321810310,39.769,
1776321810410,39.769,
1776321810510,39.769,
1776321810610,39.769,
1776321810710,39.769,
1776321810810,39.769,
1776321810910,39.769,
1776321811010,39.769,
1776321811110,39.769,
1776321811210,39.769,
1776321811310,39.769,
1776321811410,39.769,
1776321811510,39.769,
1776321811610,39.769,
1776321811710,39.769,
1776321811810,39.769,
1776321811910,39.769,
1776321812010,39.769,
1776321812110,39.769,
1776321812210,39.769,
1776321812310,39.769,
1776321812410,39.769,
1776321812510,39.769,
1776321812610,39.769,
1776321812710,39.769,
1776321812810,39.769,
1776321812910,39.769,
1776321813010,39.769,
1776321813110,39.769,
1776321813210,39.769,
1776321813310,39.769,
1776321813410,39.769,
1776321813510,39.769,
1776321813610,39.769,
1776321813710,39.769,
1776321813810,39.769,
1776321813910,39.769,
1776321814010,39.769,
1776321814110,39.769,
1776321814210,39.769,
1776321814310,39.769,
1776321814410,39.769,
1776321814510,39.769,
1776321814610,39.769,
1776321814710,39.769,
1776321814810,39.769,
1776321814910,39.769,
1776321815010,39.769,
1776321815110,39.769,
1776321815210,39.769,
1776321815310,39.769,
1776321815410,39.769,
1776321815510,39.769,
1776321815610,39.769,
1776321815710,39.769,
1776321815810,39.769,
1776321815910,39.769,
1776321816010,39.769,
1776321816110,39.769,
1776321816210,39.769,
1776321816310,39.769,
1776321816410,39.769,
1776321816510,39.769,
1776321816610,39.769,
1776321816710,39.769,
1776321816810,39.769,
1776321816910,39.769,
1776321817010,39.769,
1776321817110,39.769,
1776321817210,39.769,
1776321817310,39.769,
1776321817410,39.769,
1776321817510,39.769,
1776321817610,39.769,
1776321817710,39.769,
1776321817810,39.769,
1776321817910,39.769,
1776321818010,39.769,
1776321818110,39.769,
1776321818210,39.769,
1776321818310,39.769,
1776321818410,39.769,
1776321818510,39.769,
1776321818610,39.769,
1776321818710,39.769,
1776321818810,39.769,
1776321818910,39.769,
1776321819010,39.769,
1776321819110,39.769,
1776321819210,39.769,
1776321819310,39.769,
1776321819410,39.769,
1776321819510,39.769,
1776321819610,39.769,
1776321819710,39.769,
1776321819810,39.769,
1776321819910,39.769,
1776321820010,39.769,
1776321820110,39.769,
1776321820210,39.769,
1776321820310,39.769,
1776321820410,39.769,
1776321820510,39.769,
1776321820610,39.769,
1776321820710,39.769,
1776321820810,39.769,
1776321820910,39.769,
1776321821010,39.769,
1776321821110,39.769,
1776321821210,39.769,
1776321821310,39.769,
1776321821410,39.769,
1776321821510,39.769,
1776321821610,39.769,
1776321821710,39.769,
1776321821810,39.769,
1776321821910,39.769,
1776321822010,39.769,
1776321822110,39.769,
1776321822210,39.769,
1776321822310,39.769,
1776321822410,39.769,
1776321822510,39.769,
1776321822610,39.769,
1776321822710,39.769,
1776321822810,39.769,
1776321822910,39.769,
1776321823010,39.769,
1776321823110,39.769,
1776321823210,39.769,
1776321823310,39.769,
1776321823410,39.769,
1776321823510,39.769,
1776321823610,39.769,
1776321823710,39.769,
1776321823810,39.769,
1776321823910,39.769,
1776321824010,39.769,
1776321824110,39.769,
1776321824210,39.769,
1776321824310,39.769,
1776321824410,39.769,
1776321824510,39.769,
1776321824610,39.769,
1776321824710,39.769,
1776321824810,39.769,
1776321824910,39.769,
1776321825010,39.769,
1776321825110,39.769,
1776321825210,39.769,
1776321825310,39.769,
1776321825410,39.769,
1776321825510,39.769,
1776321825610,39.769,
1776321825710,39.769,
1776321825810,39.769,
1776321825910,39.769,
1776321826010,39.769,
1776321826110,39.769,
1776321826210,39.769,
1776321826310,39.769,
1776321826410,39.769,
1776321826510,39.769,
1776321826610,39.769,
1776321826710,39.769,
1776321826810,39.769,
1776321826910,39.769,
1776321827010,39.769,
1776321827110,39.769,
1776321827210,39.769,
1776321827310,39.769,
1776321827410,39.769,
1776321827510,39.769,
1776321827610,39.769,
1776321827710,39.769,
1776321827810,39.769,
1776321827910,39.769,
1776321828010,39.769,
1776321828110,39.769,
1776321828210,39.769,
1776321828310,39.769,
1776321828410,39.769,
1776321828510,39.769,
1776321828610,39.769,
1776321828710,39.769,
1776321828810,39.769,
1776321828910,39.769,
1776321829010,39.769,
1776321829110,39.769,
1776321829210,39.769,
1776321829310,39.769,
1776321829410,39.769,
1776321829510,39.769,
1776321829610,39.769,
1776321829710,39.769,
1776321829810,39.769,
1776321829910,39.769,
1776321830010,39.769,
1776321830110,39.769,
1776321830210,39.769,
1776321830310,39.769,
1776321830410,39.769,
1776321830510,39.769,
1776321830610,39.769,
1776321830710,39.769,
1776321830810,39.769,
1776321830910,39.769,
1776321831010,39.769,
1776321831110,39.769,
1776321831210,39.769,
1776321831310,39.769,
1776321831410,39.769,
1776321831510,39.769,
1776321831610,39.769,
1776321831710,39.769,
1776321831810,39.769,
1776321831910,39.769,
1776321832010,39.769,
1776321832110,39.769,
1776321832210,39.769,
1776321832310,39.769,
1776321832410,39.769,
1776321832510,39.769,
1776321832610,39.769,
1776321832710,39.769,
1776321832810,39.769,
1776321832910,39.769,
1776321833010,39.769,
1776321833110,39.769,
1776321833210,39.769,
1776321833310,39.769,
1776321833410,39.769,
1776321833510,39.769,
1776321833610,39.769,
1776321833710,39.769,
1776321833810,39.769,
1776321833910,39.769,
1776321834010,39.769,
1776321834110,39.769,
1776321834210,39.769,
1776321834310,39.769,
1776321834410,39.769,
1776321834510,39.769,
1776321834610,39.769,
1776321834710,39.769,
1776321834810,39.769,
1776321834910,39.769,
1776321835010,39.769,
1776321835110,39.769,
1776321835210,39.769,
1776321835310,39.769,
1776321835410,39.769,
1776321835510,39.769,
1776321835610,39.769,
1776321835710,39.769,
1776321835810,39.769,
1776321835910,39.769,
1776321836010,39.769,
1776321836110,39.769,
1776321836210,39.769,
1776321836310,39.769,
1776321836410,39.769,
1776321836510,39.769,
1776321836610,39.769,
1776321836710,39.769,
1776321836810,39.769,
1776321836910,39.769,
1776321837010,39.769,
1776321837110,39.769,
1776321837210,39.769,
1776321837310,39.769,
1776321837410,39.769,
1776321837510,39.769,
1776321837610,39.769,
1776321837710,39.769,
1776321837810,39.769,
1776321837910,39.769,
1776321838010,39.769,
1776321838110,39.769,
1776321838210,39.769,
1776321838310,39.769,
1776321838410,39.769,
1776321838510,39.769,
1776321838610,39.769,
1776321838710,39.769,
1776321838810,39.769,
1776321838910,39.769,
1776321839010,39.769,
1776321839110,39.769,
1776321839210,39.769,
1776321839310,39.769,
1776321839410,39.769,
1776321839510,39.769,
1776321839610,39.769,
1776321839710,39.769,
1776321839810,39.769,
1776321839910,39.769,
1776321840010,39.769,
1776321840110,39.769,
1776321840210,39.769,
1776321840310,39.769,
1776321840410,39.769,
1776321840510,39.769,
1776321840610,39.769,
1776321840710,39.769,
1776321840810,39.769,
1776321840910,39.769,
1776321841010,39.769,
1776321841110,39.769,
1776321841210,39.769,
1776321841310,39.769,
1776321841410,39.769,
1776321841510,39.769,
1776321841610,39.769,
1776321841710,39.769,
1776321841810,39.769,
1776321841910,39.769,
1776321842010,39.769,
1776321842110,39.769,
1776321842210,39.769,
1776321842310,39.769,
1776321842410,39.769,
1776321842510,39.769,
1776321842610,39.769,
1776321842710,39.769,
1776321842810,39.769,
1776321842910,39.769,
1776321843010,39.769,
1776321843110,39.769,
1776321843210,39.769,
1776321843310,39.769,
1776321843410,39.769,
1776321843510,39.769,
1776321843610,39.769,
1776321843710,39.769,
1776321843810,39.769,
1776321843910,39.769,
1776321844010,39.769,
1776321844110,39.769,
1776321844210,39.769,
1776321844310,39.769,
1776321844410,39.769,
1776321844510,39.769,
1776321844610,39.769,
1776321844710,39.769,
1776321844810,39.769,
1776321844910,39.769,
1776321845010,39.769,
1776321845110,39.769,
1776321845210,39.769,
1776321845310,39.769,
1776321845410,39.769,
1776321845510,39.769,
1776321845610,39.769,
1776321845710,39.769,
1776321845810,39.769,
1776321845910,39.769,
1776321846010,39.769,
1776321846110,39.769,
1776321846210,39.769,
1776321846310,39.769,
1776321846410,39.769,
1776321846510,39.769,
1776321846610,39.769,
1776321846710,39.769,
1776321846810,39.769,
1776321846910,39.769,
1776321847010,39.769,
1776321847110,39.769,
1776321847210,39.769,
1776321847310,39.769,
1776321847410,39.769,
1776321847510,39.769,
1776321847610,39.769,
1776321847710,39.769,
1776321847810,39.769,
1776321847910,39.769,
1776321848010,39.769,
1776321848110,39.769,
1776321848210,39.769,
1776321848310,39.769,
1776321848410,39.769,
1776321848510,39.769,
1776321848610,39.769,
1776321848710,39.769,
1776321848810,39.769,
1776321848910,39.769,
1776321849010,39.769,
1776321849110,39.769,
1776321849210,39.769,
1776321849310,39.769,
1776321849410,39.769,
1776321849510,39.769,
1776321849610,39.769,
1776321849710,39.769,
1776321849810,39.769,
1776321849910,39.769,
1776321850010,39.769,
1776321850110,39.769,
1776321850210,39.769,
1776321850310,39.769,
1776321850410,39.769,
1776321850510,39.769,
1776321850610,39.769,
1776321850710,39.769,
1776321850810,39.769,
1776321850910,39.769,
1776321851010,39.769,
1776321851110,39.769,
1776321851210,39.769,
1776321851310,39.769,
1776321851410,39.769,
1776321851510,39.769,
1776321851610,39.769,
1776321851710,39.769,
1776321851810,39.769,
1776321851910,39.769,
1776321852010,39.769,
1776321852110,39.769,
1776321852210,39.769,
1776321852310,39.769,
1776321852410,39.769,
1776321852510,39.769,
1776321852610,39.769,
1776321852710,39.769,
1776321852810,39.769,
1776321852910,39.769,
1776321853010,39.769,
1776321853110,39.769,
1776321853210,39.769,
1776321853310,39.769,
1776321853410,39.769,
1776321853510,39.769,
1776321853610,39.769,
1776321853710,39.769,
1776321853810,39.769,
1776321853910,39.769,
1776321854010,39.769,
1776321854110,39.769,
1776321854210,39.769,
1776321854310,39.769,
1776321854410,39.769,
1776321854510,39.769,
1776321854610,39.769,
1776321854710,39.769,
1776321854810,39.769,
1776321854910,39.769,
1776321855010,39.769,
1776321855110,39.769,
1776321855210,39.769,
1776321855310,39.769,
1776321855410,39.769,
1776321855510,39.769,
1776321855610,39.769,
1776321855710,39.769,
1776321855810,39.769,
1776321855910,39.769,
1776321856010,39.769,
1776321856110,39.769,
1776321856210,39.769,
1776321856310,39.769,
1776321856410,39.769,
1776321856510,39.769,
1776321856610,39.769,
1776321856710,39.769,
1776321856810,39.769,
1776321856910,39.769,
1776321857010,39.769,
1776321857110,39.769,
1776321857210,39.769,
1776321857310,39.769,
1776321857410,39.769,
1776321857510,39.769,
1776321857610,39.769,
1776321857710,39.769,
1776321857810,39.769,
1776321857910,39.769,
1776321858010,39.769,
1776321858110,39.769,
1776321858210,39.769,
1776321858310,39.769,
1776321858410,39.769,
1776321858510,39.769,
1776321858610,39.769,
1776321858710,39.769,
1776321858810,39.769,
1776321858910,39.769,
1776321859010,39.769,
1776321859110,39.769,
1776321859210,39.769,
1776321859310,39.769,
1776321859410,39.769,
1776321859510,39.769,
1776321859610,39.769,
1776321859710,39.769,
1776321859810,39.769,
1776321859910,39.769,
1776321860010,39.769,
1776321860110,39.769,
1776321860210,39.769,
1776321860310,39.769,
1776321860410,39.769,
1776321860510,39.769,
1776321860610,39.769,
1776321860710,39.769,
1776321860810,39.769,
1776321860910,39.769,
1776321861010,39.769,
1776321861110,39.769,
1776321861210,39.769,
1776321861310,39.769,
1776321861410,39.769,
1776321861510,39.769,
1776321861610,39.769,
1776321861710,39.769,
1776321861810,39.769,
1776321861910,39.769,
1776321862010,39.769,
1776321862110,39.769,
1776321862210,39.769,
1776321862310,39.769,
1776321862410,39.769,
1776321862510,39.769,
1776321862610,39.769,
1776321862710,39.769,
1776321862810,39.769,
1776321862910,39.769,
1776321863010,39.769,
1776321863110,39.769,
1776321863210,39.769,
1776321863310,39.769,
1776321863410,39.769,
1776321863510,39.769,
1776321863610,40.692,
1776321863710,39.769,
1776321863810,39.769,
1776321863910,39.769,
1776321864010,39.769,
1776321864110,39.769,
1776321864210,39.769,
1776321864310,39.769,
1776321864410,39.769,
1776321864510,39.769,
1776321864610,39.769,
1776321864710,39.769,
1776321864810,39.769,
1776321864910,39.769,
1776321865010,39.769,
1776321865110,39.769,
1776321865210,39.769,
1776321865310,39.769,
1776321865410,39.769,
1776321865510,39.769,
1776321865610,39.769,
1776321865710,39.769,
1776321865810,39.769,
1776321865910,39.769,
1776321866010,39.769,
1776321866110,39.769,
1776321866210,39.769,
1776321866310,39.769,
1776321866410,39.769,
1776321866510,39.769,
1776321866610,39.769,
1776321866710,39.769,
1776321866810,39.769,
1776321866910,39.769,
1776321867010,39.769,
1776321867110,39.769,
1776321867210,39.769,
1776321867310,39.769,
1776321867410,39.769,
1776321867510,39.769,
1776321867610,39.769,
1776321867710,39.769,
1776321867810,39.769,
1776321867910,39.769,
1776321868010,39.769,
1776321868110,39.769,
1776321868210,39.769,
1776321868310,39.769,
1776321868410,39.769,
1776321868510,39.769,
1776321868610,39.769,
1776321868710,39.769,
1776321868810,39.769,
1776321868910,39.769,
1776321869010,39.769,
1776321869110,39.769,
1776321869210,39.769,
1776321869310,39.769,
1776321869410,39.769,
1776321869510,39.769,
1776321869610,39.769,
1776321869710,39.769,
1776321869810,39.769,
1776321869910,39.769,
1776321870010,39.769,
1776321870110,39.769,
1776321870210,39.769,
1776321870310,39.769,
1776321870410,39.769,
1776321870510,39.769,
1776321870610,39.769,
1776321870710,39.769,
1776321870810,39.769,
1776321870910,39.769,
1776321871010,39.769,
1776321871110,39.769,
1776321871210,39.769,
1776321871310,39.769,
1776321871410,39.769,
1776321871510,39.769,
1776321871610,39.769,
1776321871710,39.769,
1776321871810,39.769,
1776321871910,39.769,
1776321872010,39.769,
1776321872110,39.769,
1776321872210,39.769,
1776321872310,39.769,
1776321872410,39.769,
1776321872510,39.769,
1776321872610,39.769,
1776321872710,39.769,
1776321872810,39.769,
1776321872910,39.769,
1776321873010,39.769,
1776321873110,39.769,
1776321873210,39.769,
1776321873310,39.769,
1776321873410,39.769,
1776321873510,39.769,
1776321873610,39.769,
1776321873710,39.769,
1776321873810,39.769,
1776321873910,39.769,
1776321874010,39.769,
1776321874110,39.769,
1776321874210,39.769,
1776321874310,39.769,
1776321874410,39.769,
1776321874510,39.769,
1776321874610,39.769,
1776321874710,39.769,
1776321874810,39.769,
1776321874910,39.769,
1776321875010,39.769,
1776321875110,39.769,
1776321875210,39.769,
1776321875310,39.769,
1776321875410,39.769,
1776321875510,39.769,
1776321875610,39.769,
1776321875710,39.769,
1776321875810,39.769,
1776321875910,39.769,
1776321876010,39.769,
1776321876110,39.769,
1776321876210,39.769,
1776321876310,39.769,
1776321876410,39.769,
1776321876510,39.769,
1776321876610,39.769,
1776321876710,39.769,
1776321876810,39.769,
1776321876910,39.769,
1776321877010,39.769,
1776321877110,39.769,
1776321877210,39.769,
1776321877310,39.769,
1776321877410,39.769,
1776321877510,39.769,
1776321877610,39.769,
1776321877710,39.769,
1776321877810,39.769,
1776321877910,39.769,
1776321878010,39.769,
1776321878110,39.769,
1776321878210,39.769,
1776321878310,39.769,
1776321878410,39.769,
1776321878510,39.769,
1776321878610,39.769,
1776321878710,39.769,
1776321878810,39.769,
1776321878910,39.769,
1776321879010,39.769,
1776321879110,39.769,
1776321879210,39.769,
1776321879310,39.769,
1776321879410,39.769,
1776321879510,39.769,
1776321879610,39.769,
1776321879710,39.769,
1776321879810,39.769,
1776321879910,39.769,
1776321880010,39.769,
1776321880110,39.769,
1776321880210,39.769,
1776321880310,39.769,
1776321880410,39.769,
1776321880510,39.769,
1776321880610,39.769,
1776321880710,39.769,
1776321880810,39.769,
1776321880910,39.769,
1776321881010,39.769,
1776321881110,39.769,
1776321881210,39.769,
1776321881310,39.769,
1776321881410,39.769,
1776321881510,39.769,
1776321881610,39.769,
1776321881710,39.769,
1776321881810,39.769,
1776321881910,39.769,
1776321882010,39.769,
1776321882110,39.769,
1776321882210,39.769,
1776321882310,39.769,
1776321882410,39.769,
1776321882510,39.769,
1776321882610,39.769,
1776321882710,39.769,
1776321882810,39.769,
1776321882910,39.769,
1776321883010,39.769,
1776321883110,39.769,
1776321883210,39.769,
1776321883310,39.769,
1776321883410,39.769,
1776321883510,39.769,
1776321883610,39.769,
1776321883710,39.769,
1776321883810,39.769,
1776321883910,39.769,
1776321884010,39.769,
1776321884110,39.769,
1776321884210,39.769,
1776321884310,39.769,
1776321884410,39.769,
1776321884510,39.769,
1776321884610,39.769,
1776321884710,39.769,
1776321884810,39.769,
1776321884910,39.769,
1776321885010,39.769,
1776321885110,39.769,
1776321885210,39.769,
1776321885310,39.769,
1776321885410,39.769,
1776321885510,39.769,
1776321885610,39.769,
1776321885710,39.769,
1776321885810,39.769,
1776321885910,39.769,
1776321886010,39.769,
1776321886110,39.769,
1776321886210,39.769,
1776321886310,39.769,
1776321886410,39.769,
1776321886510,39.769,
1776321886610,39.769,
1776321886710,39.769,
1776321886810,39.769,
1776321886910,39.769,
1776321887010,39.769,
1776321887110,39.769,
1776321887210,39.769,
1776321887310,39.769,
1776321887410,39.769,
1776321887510,39.769,
1776321887610,39.769,
1776321887710,39.769,
1776321887810,39.769,
1776321887910,39.769,
1776321888010,39.769,
1776321888110,39.769,
1776321888210,39.769,
1776321888310,39.769,
1776321888410,39.769,
1776321888510,39.769,
1776321888610,39.769,
1776321888710,39.769,
1776321888810,39.769,
1776321888910,39.769,
1776321889010,39.769,
1776321889110,39.769,
1776321889210,39.769,
1776321889310,39.769,
1776321889410,39.769,
1776321889510,39.769,
1776321889610,39.769,
1776321889710,39.769,
1776321889810,39.769,
1776321889910,39.769,
1776321890010,39.769,
1776321890110,40.692,
1776321890210,39.769,
1776321890310,39.769,
1776321890410,39.769,
1776321890510,39.769,
1776321890610,39.769,
1776321890710,39.769,
1776321890810,39.769,
1776321890910,39.769,
1776321891010,39.769,
1776321891110,39.769,
1776321891210,39.769,
1776321891310,39.769,
1776321891410,39.769,
1776321891510,39.769,
1776321891610,39.769,
1776321891710,39.769,
1776321891810,39.769,
1776321891910,39.769,
1776321892010,39.769,
1776321892110,39.769,
1776321892210,39.769,
1776321892310,39.769,
1776321892410,39.769,
1776321892510,39.769,
1776321892610,39.769,
1776321892710,39.769,
1776321892810,39.769,
1776321892910,39.769,
1776321893010,39.769,
1776321893110,39.769,
1776321893210,39.769,
1776321893310,39.769,
1776321893410,39.769,
1776321893510,39.769,
1776321893610,39.769,
1776321893710,39.769,
1776321893810,39.769,
1776321893910,39.769,
1776321894010,39.769,
1776321894110,39.769,
1776321894210,39.769,
1776321894310,39.769,
1776321894410,39.769,
1776321894510,39.769,
1776321894610,39.769,
1776321894710,39.769,
1776321894810,39.769,
1776321894910,39.769,
1776321895010,39.769,
1776321895110,39.769,
1776321895210,39.769,
1776321895310,39.769,
1776321895410,39.769,
1776321895510,39.769,
1776321895610,39.769,
1776321895710,39.769,
1776321895810,39.769,
1776321895910,39.769,
1776321896010,39.769,
1776321896110,39.769,
1776321896210,39.769,
1776321896310,39.769,
1776321896410,39.769,
1776321896510,39.769,
1776321896610,39.769,
1776321896710,39.769,
1776321896810,39.769,
1776321896910,39.769,
1776321897010,39.769,
1776321897110,39.769,
1776321897210,39.769,
1776321897310,39.769,
1776321897410,39.769,
1776321897510,39.769,
1776321897610,39.769,
1776321897710,39.769,
1776321897810,39.769,
1776321897910,39.769,
1776321898010,39.769,
1776321898110,39.769,
1776321898210,39.769,
1776321898310,39.769,
1776321898410,39.769,
1776321898510,39.769,
1776321898610,39.769,
1776321898710,39.769,
1776321898810,39.769,
1776321898910,39.769,
1776321899010,39.769,
1776321899110,39.769,
1776321899210,39.769,
1776321899310,39.769,
1776321899410,39.769,
1776321899510,39.769,
1776321899610,39.769,
1776321899710,39.769,
1776321899810,39.769,
1776321899910,39.769,
1776321900010,39.769,
1776321900110,39.769,
1776321900210,39.769,
1776321900310,39.769,
1776321900410,39.769,
1776321900510,39.769,
1776321900610,39.769,
1776321900710,39.769,
1776321900810,39.769,
1776321900910,39.769,
1776321901010,39.769,
1776321901110,39.769,
1776321901210,39.769,
1776321901310,39.769,
1776321901410,39.769,
1776321901510,39.769,
1776321901610,39.769,
1776321901710,39.769,
1776321901810,39.769,
1776321901910,39.769,
1776321902010,39.769,
1776321902110,39.769,
1776321902210,39.769,
1776321902310,39.769,
1776321902410,39.769,
1776321902510,39.769,
1776321902610,39.769,
1776321902710,39.769,
1776321902810,39.769,
1776321902910,39.769,
1776321903010,39.769,
1776321903110,39.769,
1776321903210,39.769,
1776321903310,39.769,
1776321903410,39.769,
1776321903510,39.769,
1776321903610,40.692,
1776321903710,39.769,
1776321903810,39.769,
1776321903910,39.769,
1776321904010,39.769,
1776321904110,39.769,
1776321904210,39.769,
1776321904310,39.769,
1776321904410,39.769,
1776321904510,39.769,
1776321904610,39.769,
1776321904710,39.769,
1776321904810,39.769,
1776321904910,39.769,
1776321905010,39.769,
1776321905110,39.769,
1776321905210,39.769,
1776321905310,39.769,
1776321905410,39.769,
1776321905510,39.769,
1776321905610,39.769,
1776321905710,39.769,
1776321905810,39.769,
1776321905910,39.769,
1776321906010,39.769,
1776321906110,39.769,
1776321906210,39.769,
1776321906310,39.769,
1776321906410,39.769,
1776321906510,39.769,
1776321906610,39.769,
1776321906710,39.769,
1776321906810,39.769,
1776321906910,39.769,
1776321907010,39.769,
1776321907110,39.769,
1776321907210,39.769,
1776321907310,39.769,
1776321907410,39.769,
1776321907510,39.769,
1776321907610,39.769,
1776321907710,39.769,
1776321907810,39.769,
1776321907910,39.769,
1776321908010,39.769,
1776321908110,39.769,
1776321908210,39.769,
1776321908310,39.769,
1776321908410,39.769,
1776321908510,39.769,
1776321908610,39.769,
1776321908710,39.769,
1776321908810,39.769,
1776321908910,39.769,
1776321909010,39.769,
1776321909110,39.769,
1776321909210,39.769,
1776321909310,39.769,
1776321909410,39.769,
1776321909510,39.769,
1776321909610,39.769,
1776321909710,39.769,
1776321909810,39.769,
1776321909910,39.769,
1776321910010,39.769,
1776321910110,39.769,
1776321910210,39.769,
1776321910310,39.769,
1776321910410,39.769,
1776321910510,39.769,
1776321910610,39.769,
1776321910710,39.769,
1776321910810,39.769,
1776321910910,39.769,
1776321911010,39.769,
1776321911110,39.769,
1776321911210,39.769,
1776321911310,39.769,
1776321911410,39.769,
1776321911510,39.769,
1776321911610,39.769,
1776321911710,39.769,
1776321911810,39.769,
1776321911910,39.769,
1776321912010,39.769,
1776321912110,39.769,
1776321912210,39.769,
1776321912310,39.769,
1776321912410,39.769,
1776321912510,39.769,
1776321912610,39.769,
1776321912710,39.769,
1776321912810,39.769,
1776321912910,39.769,
1776321913010,39.769,
1776321913110,39.769,
1776321913210,39.769,
1776321913310,39.769,
1776321913410,39.769,
1776321913510,39.769,
1776321913610,39.769,
1776321913710,39.769,
1776321913810,39.769,
1776321913910,39.769,
1776321914010,39.769,
1776321914110,39.769,
1776321914210,39.769,
1776321914310,39.769,
1776321914410,39.769,
1776321914510,39.769,
1776321914610,39.769,
1776321914710,39.769,
1776321914810,39.769,
1776321914910,39.769,
1776321915010,39.769,
1776321915110,39.769,
1776321915210,39.769,
1776321915310,39.769,
1776321915410,39.769,
1776321915510,39.769,
1776321915610,39.769,
1776321915710,39.769,
1776321915810,39.769,
1776321915910,39.769,
1776321916010,39.769,
1776321916110,39.769,
1776321916210,39.769,
1776321916310,39.769,
1776321916410,39.769,
1776321916510,39.769,
1776321916610,39.769,
1776321916710,39.769,
1776321916810,39.769,
1776321916910,39.769,
1776321917010,39.769,
1776321917110,39.769,
1776321917210,39.769,
1776321917310,39.769,
1776321917410,39.769,
1776321917510,39.769,
1776321917610,39.769,
1776321917710,39.769,
1776321917810,39.769,
1776321917910,39.769,
1776321918010,39.769,
1776321918110,39.769,
1776321918210,39.769,
1776321918310,39.769,
1776321918410,39.769,
1776321918510,39.769,
1776321918610,39.769,
1776321918710,39.769,
1776321918810,39.769,
1776321918910,39.769,
1776321919010,39.769,
1776321919110,39.769,
1776321919210,39.769,
1776321919310,39.769,
1776321919410,39.769,
1776321919510,40.692,
1776321919610,39.769,
1776321919710,39.769,
1776321919810,39.769,
1776321919910,39.769,
1776321920010,39.769,
1776321920110,39.769,
1776321920210,39.769,
1776321920310,39.769,
1776321920410,39.769,
1776321920510,39.769,
1776321920610,39.769,
1776321920710,39.769,
1776321920810,39.769,
1776321920910,39.769,
1776321921010,39.769,
1776321921110,39.769,
1776321921210,39.769,
1776321921310,39.769,
1776321921410,39.769,
1776321921510,39.769,
1776321921610,39.769,
1776321921710,39.769,
1776321921810,39.769,
1776321921910,39.769,
1776321922010,39.769,
1776321922110,39.769,
1776321922210,39.769,
1776321922310,39.769,
1776321922410,39.769,
1776321922510,39.769,
1776321922610,39.769,
1776321922710,39.769,
1776321922810,39.769,
1776321922910,39.769,
1776321923010,39.769,
1776321923110,39.769,
1776321923210,39.769,
1776321923310,39.769,
1776321923410,39.769,
1776321923510,39.769,
1776321923610,39.769,
1776321923710,39.769,
1776321923810,39.769,
1776321923910,39.769,
1776321924010,39.769,
1776321924110,39.769,
1776321924210,39.769,
1776321924310,39.769,
1776321924410,39.769,
1776321924510,39.769,
1776321924610,39.769,
1776321924710,39.769,
1776321924810,39.769,
1776321924910,39.769,
1776321925010,39.769,
1776321925110,39.769,
1776321925210,40.692,
1776321925310,39.769,
1776321925410,39.769,
1776321925510,39.769,
1776321925610,39.769,
1776321925710,39.769,
1776321925810,39.769,
1776321925910,39.769,
1776321926010,39.769,
1776321926110,39.769,
1776321926210,39.769,
1776321926310,39.769,
1776321926410,39.769,
1776321926510,39.769,
1776321926610,39.769,
1776321926710,39.769,
1776321926810,39.769,
1776321926910,39.769,
1776321927010,39.769,
1776321927110,39.769,
1776321927210,39.769,
1776321927310,39.769,
1776321927410,39.769,
1776321927510,39.769,
1776321927610,39.769,
1776321927710,39.769,
1776321927810,39.769,
1776321927910,39.769,
1776321928010,39.769,
1776321928110,39.769,
1776321928210,39.769,
1776321928310,39.769,
1776321928410,39.769,
1776321928510,39.769,
1776321928610,39.769,
1776321928710,40.692,
1776321928810,39.769,
1776321928910,39.769,
1776321929010,39.769,
1776321929110,39.769,
1776321929210,39.769,
1776321929310,39.769,
1776321929410,39.769,
1776321929510,39.769,
1776321929610,39.769,
1776321929710,39.769,
1776321929810,39.769,
1776321929910,39.769,
1776321930010,39.769,
1776321930110,40.692,
1776321930210,39.769,
1776321930310,40.692,
1776321930410,39.769,
1776321930510,39.769,
1776321930610,39.769,
1776321930710,39.769,
1776321930810,39.769,
1776321930910,39.769,
1776321931010,39.769,
1776321931110,39.769,
1776321931210,39.769,
1776321931310,39.769,
1776321931410,40.692,
1776321931510,39.769,
1776321931610,39.769,
1776321931710,39.769,
1776321931810,39.769,
1776321931910,39.769,
1776321932010,39.769,
1776321932110,39.769,
1776321932210,39.769,
1776321932310,39.769,
1776321932410,39.769,
1776321932510,40.692,
1776321932610,39.769,
1776321932710,39.769,
1776321932810,39.769,
1776321932910,39.769,
1776321933010,39.769,
1776321933110,39.769,
1776321933210,39.769,
1776321933310,39.769,
1776321933410,39.769,
1776321933510,39.769,
1776321933610,39.769,
1776321933710,39.769,
1776321933810,39.769,
1776321933910,39.769,
1776321934010,39.769,
1776321934110,39.769,
1776321934210,39.769,
1776321934310,39.769,
1776321934410,39.769,
1776321934510,39.769,
1776321934610,39.769,
1776321934710,39.769,
1776321934810,39.769,
1776321934910,39.769,
1776321935010,40.692,
1776321935110,39.769,
1776321935210,39.769,
1776321935310,39.769,
1776321935410,39.769,
1776321935510,39.769,
1776321935610,39.769,
1776321935710,39.769,
1776321935810,39.769,
1776321935910,39.769,
1776321936010,39.769,
1776321936110,39.769,
1776321936210,39.769,
1776321936310,39.769,
1776321936410,39.769,
1776321936510,39.769,
1776321936610,39.769,
1776321936710,39.769,
1776321936810,39.769,
1776321936910,39.769,
1776321937010,39.769,
1776321937110,39.769,
1776321937210,39.769,
1776321937310,39.769,
1776321937410,39.769,
1776321937510,39.769,
1776321937610,39.769,
1776321937710,39.769,
1776321937810,39.769,
1776321937910,39.769,
1776321938010,39.769,
1776321938110,39.769,
1776321938210,39.769,
1776321938310,39.769,
1776321938410,39.769,
1776321938510,39.769,
1776321938610,39.769,
1776321938710,39.769,
1776321938810,39.769,
1776321938910,39.769,
1776321939010,39.769,
1776321939110,39.769,
1776321939210,39.769,
1776321939310,39.769,
1776321939410,39.769,
1776321939510,39.769,
1776321939610,39.769,
1776321939710,39.769,
1776321939810,39.769,
1776321939910,39.769,
1776321940010,39.769,
1776321940110,39.769,
1776321940210,39.769,
1776321940310,39.769,
1776321940410,39.769,
1776321940510,39.769,
1776321940610,39.769,
1776321940710,39.769,
1776321940810,39.769,
1776321940910,39.769,
1776321941010,39.769,
1776321941110,39.769,
1776321941210,39.769,
1776321941310,39.769,
1776321941410,39.769,
1776321941510,39.769,
1776321941610,39.769,
1776321941710,39.769,
1776321941810,39.769,
1776321941910,39.769,
1776321942010,39.769,
1776321942110,39.769,
1776321942210,39.769,
1776321942310,39.769,
1776321942410,39.769,
1776321942510,39.769,
1776321942610,39.769,
1776321942710,39.769,
1776321942810,39.769,
1776321942910,39.769,
1776321943010,39.769,
1776321943110,39.769,
1776321943210,39.769,
1776321943310,39.769,
1776321943410,39.769,
1776321943510,39.769,
1776321943610,39.769,
1776321943710,39.769,
1776321943810,39.769,
1776321943910,39.769,
1776321944010,39.769,
1776321944110,39.769,
1776321944210,39.769,
1776321944310,39.769,
1776321944410,39.769,
1776321944510,39.769,
1776321944610,39.769,
1776321944710,39.769,
1776321944810,39.769,
1776321944910,39.769,
1776321945010,39.769,
1776321945110,40.692,
1776321945210,39.769,
1776321945310,39.769,
1776321945410,39.769,
1776321945510,40.692,
1776321945610,39.769,
1776321945710,39.769,
1776321945810,39.769,
1776321945910,39.769,
1776321946010,39.769,
1776321946110,39.769,
1776321946210,39.769,
1776321946310,39.769,
1776321946410,39.769,
1776321946510,39.769,
1776321946610,40.692,
1776321946710,39.769,
1776321946810,39.769,
1776321946910,39.769,
1776321947010,39.769,
1776321947110,39.769,
1776321947210,39.769,
1776321947310,39.769,
1776321947410,39.769,
1776321947510,40.692,
1776321947610,40.692,
1776321947710,39.769,
1776321947810,39.769,
1776321947910,39.769,
1776321948010,39.769,
1776321948110,39.769,
1776321948210,39.769,
1776321948310,40.692,
1776321948410,39.769,
1776321948510,39.769,
1776321948610,39.769,
